0 0.010901
5 0.012497
10 0.010635
15 0.011433
20 0.013560
25 0.013560
30 0.013560
35 0.012763
40 0.013294
45 0.013028
50 0.014358
55 0.036692
60 0.247541
65 0.234246
70 0.239564
75 0.209519
80 0.183728
85 0.212443
90 0.226270
95 0.198617
100 0.178144
105 0.209253
110 0.193034
115 0.194097
120 0.180005
125 0.180271
130 0.212178
135 0.212975
140 0.204999
145 0.205530
150 0.203935
155 0.200213
160 0.213773
165 0.215634
170 0.206328
175 0.239564
180 0.258176
185 0.252858
190 0.252858
195 0.276788
200 0.292741
205 0.361872
210 0.356554
215 0.353895
220 0.359213
225 0.377825
230 0.361872
235 0.377825
240 0.388461
245 0.412390
250 0.462909
255 0.478862
260 0.484180
265 0.492156
270 0.508110
275 0.513427
280 0.516086
285 0.540016
290 0.553310
295 0.558628
300 0.558628
305 0.574581
310 0.582558
315 0.582558
320 0.569263
325 0.571922
330 0.571922
335 0.571922
340 0.587876
345 0.598511
350 0.601170
355 0.601170
360 0.611805
365 0.609147
370 0.614464
375 0.614464
380 0.598511
385 0.603829
390 0.611805
395 0.614464
400 0.609147
405 0.603829
410 0.601170
415 0.606488
420 0.609147
425 0.603829
430 0.601170
435 0.601170
440 0.609147
445 0.630417
450 0.630417
455 0.625100
460 0.617123
465 0.630417
470 0.649030
475 0.654347
480 0.672959
485 0.678277
490 0.675618
495 0.664983
500 0.664983
505 0.680936
510 0.702207
515 0.726137
520 0.734113
525 0.742090
530 0.752725
535 0.760702
540 0.763361
545 0.763361
550 0.755384
555 0.747408
560 0.747408
565 0.752725
570 0.768679
575 0.779314
580 0.779314
585 0.776655
590 0.773996
595 0.789949
600 0.784632
605 0.781973
610 0.776655
615 0.768679
620 0.766020
625 0.768679
630 0.773996
635 0.771337
640 0.768679
645 0.763361
650 0.763361
655 0.781973
660 0.787291
665 0.784632
670 0.771337
675 0.773996
680 0.773996
685 0.776655
690 0.789949
695 0.789949
700 0.784632
705 0.779314
710 0.781973
715 0.787291
720 0.789949
725 0.795267
730 0.797926
735 0.797926
740 0.795267
745 0.797926
750 0.800585
755 0.800585
760 0.795267
765 0.789949
770 0.792608
775 0.797926
780 0.808562
785 0.803244
790 0.797926
795 0.797926
800 0.800585
805 0.805903
810 0.805903
815 0.800585
820 0.795267
825 0.800585
830 0.805903
835 0.813879
840 0.816538
845 0.819197
850 0.821856
855 0.819197
860 0.816538
865 0.816538
870 0.819197
875 0.816538
880 0.819197
885 0.821856
890 0.819197
895 0.819197
900 0.819197
905 0.819197
910 0.821856
915 0.829832
920 0.829832
925 0.832491
930 0.835150
935 0.837809
940 0.837809
945 0.835150
950 0.832491
955 0.827174
960 0.829832
965 0.829832
970 0.827174
975 0.824515
980 0.829832
985 0.835150
990 0.835150
995 0.837809
1000 0.837809
1005 0.837809
1010 0.837809
1015 0.837809
1020 0.832491
1025 0.829832
1030 0.835150
1035 0.837809
1040 0.835150
1045 0.832491
1050 0.835150
1055 0.840468
1060 0.840468
1065 0.837809
1070 0.837809
1075 0.843127
1080 0.843127
1085 0.843127
1090 0.843127
1095 0.848445
1100 0.845786
1105 0.848445
1110 0.851103
1115 0.853762
1120 0.859080
1125 0.859080
1130 0.856421
1135 0.856421
1140 0.859080
1145 0.859080
1150 0.859080
1155 0.859080
1160 0.859080
1165 0.861739
1170 0.861739
1175 0.864398
1180 0.867057
1185 0.869716
1190 0.869716
1195 0.869716
1200 0.869716
1205 0.872374
1210 0.875033
1215 0.877692
1220 0.885669
1225 0.883010
1230 0.883010
1235 0.885669
1240 0.888328
1245 0.888328
1250 0.888328
1255 0.890986
1260 0.888328
1265 0.888328
1270 0.888328
1275 0.890986
1280 0.890986
1285 0.890986
1290 0.888328
1295 0.890986
1300 0.893645
1305 0.893645
1310 0.893645
1315 0.893645
1320 0.893645
1325 0.893645
1330 0.901622
1335 0.898963
1340 0.896304
1345 0.898963
1350 0.904281
1355 0.906940
1360 0.906940
1365 0.909599
1370 0.906940
1375 0.909599
1380 0.909599
1385 0.909599
1390 0.912257
1395 0.912257
1400 0.912257
1405 0.912257
1410 0.917575
1415 0.917575
1420 0.917575
1425 0.917575
1430 0.917575
1435 0.917575
1440 0.917575
1445 0.920234
1450 0.920234
1455 0.922893
1460 0.922893
1465 0.922893
1470 0.922893
1475 0.920234
1480 0.920234
1485 0.920234
1490 0.922893
1495 0.920234
1500 0.922893
1505 0.922893
1510 0.922893
1515 0.925552
1520 0.925552
1525 0.922893
1530 0.928211
1535 0.930869
1540 0.930869
1545 0.933528
1550 0.930869
1555 0.930869
1560 0.933528
1565 0.936187
1570 0.933528
1575 0.930869
1580 0.930869
1585 0.938846
1590 0.941505
1595 0.938846
1600 0.941505
1605 0.941505
1610 0.941505
1615 0.938846
1620 0.938846
1625 0.944164
1630 0.946823
1635 0.946823
1640 0.944164
1645 0.946823
1650 0.946823
1655 0.946823
1660 0.946823
1665 0.944164
1670 0.944164
1675 0.946823
1680 0.949482
1685 0.952140
1690 0.952140
1695 0.952140
1700 0.952140
1705 0.949482
1710 0.954799
1715 0.952140
1720 0.952140
1725 0.952140
1730 0.952140
1735 0.952140
1740 0.954799
1745 0.952140
1750 0.954799
1755 0.960117
1760 0.957458
1765 0.954799
1770 0.954799
1775 0.960117
1780 0.957458
1785 0.960117
1790 0.962776
1795 0.962776
1800 0.965435
1805 0.965435
1810 0.968094
1815 0.965435
1820 0.968094
1825 0.968094
1830 0.965435
1835 0.965435
1840 0.968094
1845 0.968094
1850 0.968094
1855 0.968094
1860 0.965435
1865 0.965435
1870 0.965435
1875 0.968094
1880 0.968094
1885 0.968094
1890 0.965435
1895 0.968094
1900 0.970752
1905 0.970752
1910 0.970752
1915 0.970752
1920 0.970752
1925 0.968094
1930 0.970752
1935 0.973411
1940 0.973411
1945 0.973411
1950 0.973411
1955 0.973411
1960 0.973411
1965 0.976070
1970 0.973411
1975 0.976070
1980 0.973411
1985 0.973411
1990 0.976070
1995 0.973411
2000 0.973411
2005 0.973411
2010 0.973411
2015 0.973411
2020 0.981388
2025 0.981388
2030 0.981388
2035 0.981388
2040 0.978729
2045 0.978729
2050 0.978729
2055 0.984047
2060 0.981388
2065 0.984047
2070 0.984047
2075 0.981388
2080 0.978729
2085 0.981388
2090 0.984047
2095 0.984047
2100 0.981388
2105 0.981388
2110 0.984047
2115 0.984047
2120 0.984047
2125 0.984047
2130 0.984047
2135 0.984047
2140 0.984047
2145 0.986706
2150 0.986706
2155 0.986706
2160 0.989365
2165 0.989365
2170 0.989365
2175 0.992023
2180 0.989365
2185 0.989365
2190 0.989365
2195 0.989365
2200 0.989365
2205 0.989365
2210 0.992023
2215 0.992023
2220 0.992023
2225 0.989365
2230 0.992023
2235 0.989365
2240 0.992023
2245 0.992023
2250 0.992023
2255 0.989365
2260 0.989365
2265 0.989365
2270 0.989365
2275 0.992023
2280 0.989365
2285 0.992023
2290 0.992023
2295 0.992023
2300 0.992023
2305 0.986706
2310 0.984047
2315 0.986706
2320 0.994682
2325 0.994682
2330 0.997341
2335 0.997341
2340 0.997341
2345 1.000000
2350 1.000000
2355 1.000000
2360 1.000000
2365 1.000000
2370 0.997341
2375 1.000000
2380 1.000000
2385 1.000000
2390 1.000000
2395 1.000000
2400 1.000000
2405 1.000000
2410 1.000000
