0 -0.039575
5 -0.293933
10 -0.951939
15 0.461880
20 0.800524
25 0.778438
30 0.678549
35 0.533505
40 0.460929
45 0.292476
50 0.227074
55 0.493962
60 0.611206
65 0.546205
70 0.480696
75 0.349934
80 0.224047
85 0.088788
90 -0.004933
95 0.292500
100 0.507382
105 0.552352
110 0.440363
115 0.373207
120 0.274443
125 0.082084
130 -0.056203
135 -0.060614
140 -0.002846
145 0.065462
150 -0.087429
155 -0.262322
160 -0.275176
165 -0.399024
170 -0.422471
175 -0.283103
180 -0.146130
185 0.016662
190 -0.155147
195 -0.264739
200 -0.463790
205 -0.610162
210 -0.723908
215 -0.743730
220 -0.647427
225 -0.464188
230 -0.301833
235 -0.436973
240 -0.610373
245 -0.739270
250 -0.809350
255 -0.970710
260 -1.014161
265 -0.956301
270 -0.910808
275 -0.779989
280 -0.887128
285 -1.045150
290 -1.100909
295 -1.201325
300 -1.232324
305 -1.240365
310 -1.221441
315 -1.156737
320 -1.069290
325 -1.024563
330 -1.161476
335 -1.311138
340 -1.351272
345 -1.365968
350 -1.324366
355 -1.292180
360 -1.252417
365 -1.230403
370 -1.189612
375 -1.225231
380 -1.280230
385 -1.311116
390 -1.329191
395 -1.318835
400 -1.314504
405 -1.307751
410 -1.292783
415 -1.278546
420 -1.254492
425 -1.282696
430 -1.314503
435 -1.354214
440 -1.358356
445 -1.338565
450 -1.328215
455 -1.304931
460 -1.279956
465 -1.271810
470 -1.273918
475 -1.291011
480 -1.322405
485 -1.328006
490 -1.339923
495 -1.334140
500 -1.324918
505 -1.317494
510 -1.305154
515 -1.307333
520 -1.311214
525 -1.329162
530 -1.311163
535 -1.292344
540 -1.294243
545 -1.295258
550 -1.305937
555 -1.330689
560 -1.366139
565 -1.378322
570 -1.407293
575 -1.410858
580 -1.433443
585 -1.444051
590 -1.413102
595 -1.373657
600 -1.357463
605 -1.357463
610 -1.362003
615 -1.371419
620 -1.391570
625 -1.402880
630 -1.406426
635 -1.422275
640 -1.425878
645 -1.429900
650 -1.431704
655 -1.447465
660 -1.443376
665 -1.423210
670 -1.416631
675 -1.385467
680 -1.382046
685 -1.389708
690 -1.409159
695 -1.421039
700 -1.432174
705 -1.435741
710 -1.447966
715 -1.460360
720 -1.481937
725 -1.491034
730 -1.500221
735 -1.500730
740 -1.469733
745 -1.453052
750 -1.432174
755 -1.416631
760 -1.412675
765 -1.417062
770 -1.446172
775 -1.451129
780 -1.463616
785 -1.466942
790 -1.479643
795 -1.493901
800 -1.529791
805 -1.502625
810 -1.442902
815 -1.434351
820 -1.430307
825 -1.434351
830 -1.471604
835 -1.475842
840 -1.502172
845 -1.544383
850 -1.581506
855 -1.600379
860 -1.604163
865 -1.613440
870 -1.618415
875 -1.613440
880 -1.599263
885 -1.569874
890 -1.561529
895 -1.556856
900 -1.552208
905 -1.542486
910 -1.537408
915 -1.546564
920 -1.556343
925 -1.576218
930 -1.590098
935 -1.590098
940 -1.599830
945 -1.614044
950 -1.629681
955 -1.650155
960 -1.614630
965 -1.604736
970 -1.590635
975 -1.587759
980 -1.568164
985 -1.567704
990 -1.571962
995 -1.576218
1000 -1.595494
1005 -1.604736
1010 -1.629681
1015 -1.634756
1020 -1.660572
1025 -1.660572
1030 -1.639859
1035 -1.644992
1040 -1.644364
1045 -1.634142
1050 -1.629075
1055 -1.624036
1060 -1.624036
1065 -1.629075
1070 -1.666465
1075 -1.672386
1080 -1.668822
1085 -1.662979
1090 -1.672992
1095 -1.683084
1100 -1.682441
1105 -1.704199
1110 -1.709722
1115 -1.720873
1120 -1.745058
1125 -1.745058
1130 -1.741279
1135 -1.725307
1140 -1.739252
1145 -1.770318
1150 -1.794635
1155 -1.805201
1160 -1.791197
1165 -1.783890
1170 -1.801578
1175 -1.839422
1180 -1.845889
1185 -1.795424
1190 -1.771859
1195 -1.765284
1200 -1.783245
1205 -1.814014
1210 -1.825113
1215 -1.831465
1220 -1.837038
1225 -1.870559
1230 -1.939777
1235 -1.976500
1240 -1.977594
1245 -1.971145
1250 -1.964683
1255 -1.934550
1260 -1.878952
1265 -1.864767
1270 -1.851616
1275 -1.858967
1280 -1.893360
1285 -1.922870
1290 -1.929171
1295 -1.619093
1300 -1.907997
1305 -1.920322
1310 -1.927407
1315 -1.927407
1320 -1.920322
1325 -1.892529
1330 -1.892529
1335 -1.893360
1340 -1.885715
1345 -1.873793
1350 -1.894157
1355 -1.943573
1360 -1.974010
1365 -1.989180
1370 -1.989180
1375 -1.973096
1380 -1.958212
1385 -1.936342
1390 -1.943573
1395 -1.951731
1400 -1.965622
1405 -1.996863
1410 -2.021291
1415 -2.030211
1420 -2.005551
1425 -1.981563
1430 -1.981563
1435 -1.989180
1440 -1.997784
1445 -1.997784
1450 -1.997784
1455 -1.997784
1460 -2.013386
1465 -2.054631
1470 -2.061905
1475 -2.071293
1480 -2.088273
1485 -2.140028
1490 -2.217154
1495 -2.256069
1500 -2.268080
1505 -2.245807
1510 -2.237180
1515 -2.227111
1520 -2.248844
1525 -2.198886
1530 -2.198886
1535 -2.243669
1540 -2.356751
1545 -2.472981
1550 -2.500276
1555 -2.469168
1560 -2.454464
1565 -2.438245
1570 -2.425543
1575 -2.363098
1580 -2.339926
1585 -2.328562
1590 -2.317340
1595 -2.317340
1600 -2.339926
1605 -2.386887
1610 -2.376471
1615 -2.389984
1620 -2.403638
1625 -2.417431
1630 -2.428687
1635 -2.439922
1640 -2.492828
1645 -2.576253
1650 -2.622137
1655 -2.637962
1660 -2.619399
1665 -2.622137
1670 -2.637962
1675 -2.649408
1680 -2.613492
1685 -2.578560
1690 -2.563690
1695 -2.576253
1700 -2.624702
1705 -2.704156
1710 -2.739135
1715 -2.779147
1720 -2.840914
1725 -2.907407
1730 -2.924964
1735 -2.964780
1740 -2.981964
1745 -3.029176
1750 -3.053656
1755 -3.029176
1760 -2.893917
1765 -2.852762
1770 -2.857134
1775 -2.861221
1780 -2.857134
1785 -2.942246
1790 -2.936934
1795 -3.035754
1800 -3.060619
1805 -3.078752
1810 -3.086133
1815 -3.005286
1820 -3.011510
1825 -2.964780
1830 -2.942246
1835 -2.942246
1840 -2.893917
1845 -2.877698
1850 -2.881985
1855 -2.924964
1860 -2.951852
1865 -2.903226
1870 -2.903226
1875 -2.861221
1880 -2.881985
1885 -2.903226
1890 -2.903226
1895 -2.881985
1900 -2.861221
1905 -2.903226
1910 -2.924964
1915 -2.951852
1920 -2.956123
1925 -2.929362
1930 -2.929362
1935 -2.979409
1940 -3.057914
1945 -3.167539
1950 -3.220430
1955 -3.251443
1960 -3.283482
1965 -3.374964
1970 -3.461273
1975 -3.461273
1980 -3.423144
1985 -3.386371
1990 -3.410743
1995 -3.461273
2000 -3.486041
2005 -3.541887
2010 -3.525659
2015 -3.566644
2020 -4.025804
2025 -4.086029
2030 -4.203397
2035 -4.086029
2040 -4.089662
2045 -4.145970
2050 -4.204075
2055 -4.258176
2060 -4.204075
2065 -4.145970
2070 -4.145970
2075 -4.089662
2080 -4.145970
2085 -3.982452
2090 -3.928294
2095 -3.822490
2100 -3.771599
2105 -3.852018
2110 -3.908276
2115 -3.966333
2120 -4.025804
2125 -4.110296
2130 -4.542626
2135 -4.920576
2140 -5.100212
2145 -4.805457
2150 -4.691722
2155 -4.657655
2160 -4.541150
2165 -4.483711
2170 -4.414250
2175 -4.270381
2180 -4.408059
2185 -4.408059
2190 -4.373659
2195 -4.373659
2200 -4.408059
2205 -4.583970
2210 -4.727180
2215 -4.593286
2220 -4.541150
2225 -4.541150
2230 -4.708728
2235 -4.541150
2240 -4.579654
2245 -4.657655
2250 -4.579654
2255 -4.657655
2260 -4.593286
2265 -4.708728
2270 -4.708728
2275 -4.541150
2280 -4.727180
2285 -4.593286
2290 -4.541150
2295 -4.579654
2300 -4.593286
2305 -4.708728
2310 -4.579654
2315 -4.708728
2320 -4.483711
2325 -4.408059
2330 -4.408059
2335 -4.408059
2340 -4.885542
2345 -4.583970
2350 -4.498152
2355 -4.657655
2360 -4.498152
2365 -4.232088
2370 -3.931179
2375 -3.866842
2380 -3.749139
2385 -3.763326
2390 -3.763326
2395 -3.822490
2400 -4.025204
2405 -4.102890
2410 -4.129477
2415 -4.025204
2420 -4.129477
2425 -4.317047
2430 -4.670698
2435 -4.936152
2440 -4.885542
2445 -5.038896
2450 -4.936152
2455 -4.936152
2460 -4.424644
2465 -3.775289
2470 -3.718151
2475 -3.655093
2480 -3.718151
2485 -4.167664
2490 -5.272758
2495 -4.181177
2500 -4.399466
2505 -4.283482
2510 -4.279161
2515 -4.167664
2520 -4.377349
2525 -5.259715
2530 -5.538212
2535 -5.538212
2540 -4.885542
2545 -4.377349
2550 -4.279161
2555 -5.874818
2560 -6.283482
2565 -5.538212
2570 -5.026704
2575 -4.393830
2580 -4.393830
2585 -4.885542
2590 -5.135420
2605 -6.089662
2610 -5.487602
2615 -4.533360
2620 -4.691722
2625 -4.399466
2630 -4.006877
2635 -4.177759
2640 -5.874818
2645 -5.105585
2650 -5.105585
2655 -4.868509
2660 -4.868509
2665 -5.487602
2675 -5.487602
2680 -6.089662
