0 0.058673
5 0.172194
10 0.538265
15 1.572704
20 1.178571
25 1.081633
30 1.011480
35 0.910714
40 0.857143
45 0.822704
50 0.816327
55 0.792092
60 0.809949
65 0.890306
70 0.835459
75 0.767857
80 0.735969
85 0.760204
90 0.772959
95 0.747449
100 0.744898
105 0.758929
110 0.760204
115 0.719388
120 0.674745
125 0.649235
130 0.639031
135 0.631378
140 0.720663
145 0.767857
150 0.739796
155 0.672194
160 0.642857
165 0.632653
170 0.627551
175 0.618622
180 0.627551
185 0.647959
190 0.665816
195 0.672194
200 0.678571
205 0.678571
210 0.674745
215 0.667092
220 0.653061
225 0.651786
230 0.658163
235 0.672194
240 0.684949
245 0.683673
250 0.676020
255 0.668367
260 0.659439
265 0.649235
270 0.644133
275 0.645408
280 0.673469
285 0.688776
290 0.692602
295 0.690051
300 0.682398
305 0.674745
310 0.665816
315 0.659439
320 0.658163
325 0.664541
330 0.693878
335 0.715561
340 0.720663
345 0.713010
350 0.695153
355 0.681122
360 0.669643
365 0.667092
370 0.667092
375 0.678571
380 0.692602
385 0.696429
390 0.700255
395 0.691327
400 0.688776
405 0.686224
410 0.681122
415 0.679847
420 0.679847
425 0.686224
430 0.691327
435 0.702806
440 0.704082
445 0.697704
450 0.695153
455 0.686224
460 0.676020
465 0.673469
470 0.674745
475 0.681122
480 0.692602
485 0.693878
490 0.697704
495 0.696429
500 0.693878
505 0.691327
510 0.686224
515 0.686224
520 0.687500
525 0.693878
530 0.687500
535 0.681122
540 0.682398
545 0.683673
550 0.688776
555 0.697704
560 0.709184
565 0.711735
570 0.720663
575 0.721939
580 0.729592
585 0.733418
590 0.724490
595 0.711735
600 0.706633
605 0.706633
610 0.707908
615 0.710459
620 0.716837
625 0.720663
630 0.721939
635 0.727041
640 0.728316
645 0.729592
650 0.730867
655 0.735969
660 0.734694
665 0.728316
670 0.725765
675 0.715561
680 0.714286
685 0.716837
690 0.723214
695 0.727041
700 0.730867
705 0.732143
710 0.735969
715 0.739796
720 0.746173
725 0.748724
730 0.751276
735 0.751276
740 0.742347
745 0.737245
750 0.730867
755 0.725765
760 0.724490
765 0.725765
770 0.734694
775 0.735969
780 0.739796
785 0.741071
790 0.744898
795 0.748724
800 0.758929
805 0.751276
810 0.733418
815 0.730867
820 0.729592
825 0.730867
830 0.742347
835 0.743622
840 0.751276
845 0.762755
850 0.772959
855 0.778061
860 0.779337
865 0.781888
870 0.783163
875 0.781888
880 0.778061
885 0.770408
890 0.767857
895 0.766582
900 0.765306
905 0.762755
910 0.761480
915 0.764031
920 0.766582
925 0.771684
930 0.775510
935 0.775510
940 0.778061
945 0.781888
950 0.785714
955 0.790816
960 0.781888
965 0.779337
970 0.775510
975 0.774235
980 0.769133
985 0.769133
990 0.770408
995 0.771684
1000 0.776786
1005 0.779337
1010 0.785714
1015 0.786990
1020 0.793367
1025 0.793367
1030 0.788265
1035 0.789541
1040 0.789541
1045 0.786990
1050 0.785714
1055 0.784439
1060 0.784439
1065 0.785714
1070 0.794643
1075 0.795918
1080 0.794643
1085 0.793367
1090 0.795918
1095 0.798469
1100 0.798469
1105 0.803571
1110 0.804847
1115 0.807398
1120 0.812500
1125 0.812500
1130 0.811224
1135 0.807398
1140 0.809949
1145 0.816327
1150 0.821429
1155 0.823980
1160 0.821429
1165 0.820153
1170 0.823980
1175 0.831633
1180 0.832908
1185 0.822704
1190 0.817602
1195 0.816327
1200 0.820153
1205 0.826531
1210 0.829082
1215 0.830357
1220 0.831633
1225 0.838010
1230 0.850765
1235 0.857143
1240 0.857143
1245 0.855867
1250 0.854592
1255 0.849490
1260 0.839286
1265 0.836735
1270 0.834184
1275 0.835459
1280 0.841837
1285 0.846939
1290 0.848214
1295 0.781888
1300 0.844388
1305 0.846939
1310 0.848214
1315 0.848214
1320 0.846939
1325 0.841837
1330 0.841837
1335 0.841837
1340 0.840561
1345 0.838010
1350 0.841837
1355 0.850765
1360 0.855867
1365 0.858418
1370 0.858418
1375 0.855867
1380 0.853316
1385 0.849490
1390 0.850765
1395 0.852041
1400 0.854592
1405 0.859694
1410 0.863520
1415 0.864796
1420 0.860969
1425 0.857143
1430 0.857143
1435 0.858418
1440 0.859694
1445 0.859694
1450 0.859694
1455 0.859694
1460 0.862245
1465 0.868622
1470 0.869898
1475 0.871173
1480 0.873724
1485 0.881378
1490 0.891582
1495 0.896684
1500 0.897959
1505 0.895408
1510 0.894133
1515 0.892857
1520 0.895408
1525 0.889031
1530 0.889031
1535 0.894133
1540 0.906888
1545 0.918367
1550 0.920918
1555 0.918367
1560 0.917092
1565 0.915816
1570 0.914541
1575 0.908163
1580 0.905612
1585 0.904337
1590 0.903061
1595 0.903061
1600 0.905612
1605 0.910714
1610 0.909439
1615 0.910714
1620 0.911990
1625 0.913265
1630 0.914541
1635 0.915816
1640 0.920918
1645 0.928571
1650 0.932398
1655 0.933673
1660 0.932398
1665 0.932398
1670 0.933673
1675 0.933673
1680 0.931122
1685 0.928571
1690 0.927296
1695 0.928571
1700 0.932398
1705 0.938776
1710 0.941327
1715 0.943878
1720 0.947704
1725 0.951531
1730 0.952806
1735 0.955357
1740 0.956633
1745 0.959184
1750 0.960459
1755 0.959184
1760 0.951531
1765 0.948980
1770 0.948980
1775 0.948980
1780 0.948980
1785 0.954082
1790 0.954082
1795 0.959184
1800 0.960459
1805 0.961735
1810 0.961735
1815 0.957908
1820 0.957908
1825 0.955357
1830 0.954082
1835 0.954082
1840 0.951531
1845 0.950255
1850 0.950255
1855 0.952806
1860 0.954082
1865 0.951531
1870 0.951531
1875 0.948980
1880 0.950255
1885 0.951531
1890 0.951531
1895 0.950255
1900 0.948980
1905 0.951531
1910 0.952806
1915 0.954082
1920 0.954082
1925 0.952806
1930 0.952806
1935 0.955357
1940 0.959184
1945 0.964286
1950 0.966837
1955 0.968112
1960 0.969388
1965 0.973214
1970 0.975765
1975 0.975765
1980 0.974490
1985 0.973214
1990 0.974490
1995 0.975765
2000 0.977041
2005 0.978316
2010 0.978316
2015 0.979592
2020 0.989796
2025 0.991071
2030 0.992347
2035 0.991071
2040 0.992347
2045 0.992347
2050 0.993622
2055 0.994898
2060 0.993622
2065 0.992347
2070 0.992347
2075 0.992347
2080 0.992347
2085 0.989796
2090 0.988520
2095 0.985969
2100 0.984694
2105 0.985969
2110 0.987245
2115 0.988520
2120 0.989796
2125 0.989796
2130 0.993622
2135 0.996173
2140 1.002551
2145 1.003827
2150 1.003827
2155 1.002551
2160 0.997449
2165 0.996173
2170 0.994898
2175 0.993622
2180 0.993622
2185 0.993622
2190 0.992347
2195 0.992347
2200 0.993622
2205 0.996173
2210 1.000000
2215 1.000000
2220 0.997449
2225 0.997449
2230 0.998724
2235 0.997449
2240 0.998724
2245 0.997449
2250 0.998724
2255 1.002551
2260 1.000000
2265 0.998724
2270 0.998724
2275 0.997449
2280 1.000000
2285 1.000000
2290 1.002551
2295 1.001276
2300 1.000000
2305 1.001276
2310 0.998724
2315 0.998724
2320 0.996173
2325 0.993622
2330 0.993622
2335 0.993622
2340 1.000000
2345 1.003827
2350 1.005102
2355 0.997449
2360 0.994898
2365 0.991071
2370 0.985969
2375 0.984694
2380 0.982143
2385 0.982143
2390 0.982143
2395 0.983418
2400 0.987245
2405 0.988520
2410 0.988520
2415 0.987245
2420 0.988520
2425 0.991071
2430 0.994898
2435 0.997449
2440 1.000000
2445 1.001276
2450 1.002551
2455 1.002551
2460 0.992347
2465 0.982143
2470 0.980867
2475 0.979592
2480 0.980867
2485 0.988520
2490 1.002551
2495 1.011480
2500 1.008929
2505 1.010204
2510 1.010204
2515 1.011480
2520 1.008929
2525 1.001276
2530 1.001276
2535 0.998724
2540 1.005102
2545 1.008929
2550 1.010204
2555 1.001276
2560 1.000000
2565 1.001276
2570 1.003827
2575 1.008929
2580 1.008929
2585 1.005102
2590 1.003827
2595 1.000000
2600 1.000000
2605 1.001276
2610 1.002551
2615 1.007653
2620 1.006378
2625 1.008929
2630 1.014031
2635 1.011480
2640 1.001276
2645 0.996173
2650 0.996173
2655 0.994898
2660 0.994898
2665 0.997449
2670 1.000000
2675 1.002551
2680 1.001276
2685 1.000000
2690 1.000000
