0 0.011029
5 0.033088
10 0.044118
15 0.066176
20 0.080882
25 0.095588
30 0.088235
35 0.088235
40 0.084559
45 0.084559
50 0.084559
55 0.084559
60 0.088235
65 0.091912
70 0.110294
75 0.205882
80 0.477941
85 0.661765
90 0.724265
95 0.606618
100 0.562500
105 0.452206
110 0.448529
115 0.459559
120 0.444853
125 0.547794
130 0.713235
135 0.669118
140 0.625000
145 0.566176
150 0.514706
155 0.444853
160 0.555147
165 0.577206
170 0.746324
175 0.812500
180 0.786765
185 0.720588
190 0.617647
195 0.588235
200 0.580882
205 0.577206
210 0.599265
215 0.816176
220 0.812500
225 0.779412
230 0.750000
235 0.654412
240 0.650735
245 0.654412
250 0.658088
255 0.720588
260 0.727941
265 0.702206
270 0.683824
275 0.680147
280 0.672794
285 0.669118
290 0.669118
295 0.680147
300 0.698529
305 0.676471
310 0.676471
315 0.687500
320 0.672794
325 0.654412
330 0.650735
335 0.643382
340 0.639706
345 0.636029
350 0.650735
355 0.665441
360 0.672794
365 0.672794
370 0.669118
375 0.665441
380 0.665441
385 0.665441
390 0.665441
395 0.665441
400 0.665441
405 0.669118
410 0.687500
415 0.687500
420 0.687500
425 0.687500
430 0.691176
435 0.691176
440 0.687500
445 0.683824
450 0.680147
455 0.683824
460 0.683824
465 0.694853
470 0.713235
475 0.705882
480 0.731618
485 0.727941
490 0.727941
495 0.738971
500 0.750000
505 0.742647
510 0.738971
515 0.738971
520 0.738971
525 0.757353
530 0.753676
535 0.753676
540 0.779412
545 0.794118
550 0.801471
555 0.794118
560 0.790441
565 0.783088
570 0.783088
575 0.779412
580 0.779412
585 0.779412
590 0.790441
595 0.801471
600 0.801471
605 0.794118
610 0.794118
615 0.794118
620 0.794118
625 0.794118
630 0.797794
635 0.805147
640 0.812500
645 0.808824
650 0.808824
655 0.812500
660 0.812500
665 0.816176
670 0.816176
675 0.816176
680 0.812500
685 0.808824
690 0.808824
695 0.812500
700 0.816176
705 0.816176
710 0.816176
715 0.816176
720 0.816176
725 0.819853
730 0.819853
735 0.816176
740 0.816176
745 0.830882
750 0.834559
755 0.838235
760 0.838235
765 0.838235
770 0.838235
775 0.834559
780 0.830882
785 0.830882
790 0.834559
795 0.834559
800 0.838235
805 0.838235
810 0.838235
815 0.838235
820 0.838235
825 0.841912
830 0.845588
835 0.849265
840 0.845588
845 0.838235
850 0.834559
855 0.830882
860 0.830882
865 0.830882
870 0.834559
875 0.838235
880 0.849265
885 0.845588
890 0.838235
895 0.838235
900 0.834559
905 0.838235
910 0.841912
915 0.856618
920 0.856618
925 0.860294
930 0.856618
935 0.852941
940 0.852941
945 0.852941
950 0.852941
955 0.849265
960 0.852941
965 0.849265
970 0.849265
975 0.845588
980 0.845588
985 0.849265
990 0.852941
995 0.860294
1000 0.863971
1005 0.867647
1010 0.863971
1015 0.863971
1020 0.863971
1025 0.867647
1030 0.867647
1035 0.871324
1040 0.875000
1045 0.875000
1050 0.875000
1055 0.875000
1060 0.878676
1065 0.875000
1070 0.871324
1075 0.871324
1080 0.871324
1085 0.878676
1090 0.882353
1095 0.886029
1100 0.886029
1105 0.886029
1110 0.882353
1115 0.882353
1120 0.882353
1125 0.886029
1130 0.889706
1135 0.900735
1140 0.900735
1145 0.900735
1150 0.900735
1155 0.897059
1160 0.900735
1165 0.897059
1170 0.900735
1175 0.900735
1180 0.904412
1185 0.900735
1190 0.900735
1195 0.900735
1200 0.900735
1205 0.904412
1210 0.904412
1215 0.904412
1220 0.904412
1225 0.904412
1230 0.904412
1235 0.908088
1240 0.911765
1245 0.911765
1250 0.919118
1255 0.915441
1260 0.915441
1265 0.911765
1270 0.911765
1275 0.911765
1280 0.911765
1285 0.911765
1290 0.911765
1295 0.915441
1300 0.911765
1305 0.911765
1310 0.911765
1315 0.911765
1320 0.908088
1325 0.908088
1330 0.911765
1335 0.915441
1340 0.919118
1345 0.919118
1350 0.919118
1355 0.919118
1360 0.922794
1365 0.930147
1370 0.941176
1375 0.944853
1380 0.948529
1385 0.952206
1390 0.952206
1395 0.948529
1400 0.944853
1405 0.948529
1410 0.948529
1415 0.952206
1420 0.955882
1425 0.959559
1430 0.959559
1435 0.955882
1440 0.955882
1445 0.955882
1450 0.955882
1455 0.955882
1460 0.963235
1465 0.959559
1470 0.963235
1475 0.959559
1480 0.963235
1485 0.963235
1490 0.963235
1495 0.963235
1500 0.959559
1505 0.959559
1510 0.959559
1515 0.959559
1520 0.959559
1525 0.963235
1530 0.966912
1535 0.963235
1540 0.963235
1545 0.966912
1550 0.966912
1555 0.963235
1560 0.963235
1565 0.963235
1570 0.977941
1575 0.974265
1580 0.974265
1585 0.970588
1590 0.970588
1595 0.970588
1600 0.974265
1605 0.974265
1610 0.974265
1615 0.977941
1620 0.977941
1625 0.981618
1630 0.981618
1635 0.981618
1640 0.981618
1645 0.985294
1650 0.988971
1655 0.985294
1660 0.985294
1665 0.985294
1670 0.996324
1675 0.992647
1680 0.992647
1685 0.992647
1690 0.996324
1695 0.996324
1700 0.992647
1705 0.996324
1710 0.992647
1715 1.000000
