0 -0.012572
5 -0.023462
10 -0.034100
15 -0.048710
20 -0.056576
25 -0.060833
30 -0.059919
35 -0.068354
40 -0.150316
45 -0.243126
50 -0.353330
55 -0.352781
60 -0.358790
65 -0.347752
70 -0.353884
75 -0.432422
80 -0.687143
85 -0.881931
90 -0.946799
95 -0.814244
100 -0.797473
105 -0.689950
110 -0.682152
115 -0.694916
120 -0.667314
125 -0.775270
130 -0.946074
135 -0.893435
140 -0.837647
145 -0.759198
150 -0.701647
155 -0.628729
160 -0.749732
165 -0.786703
170 -1.110382
175 -1.200944
180 -1.171626
185 -1.077500
190 -0.909499
195 -0.846743
200 -0.824644
205 -0.807354
210 -0.833436
215 -1.123207
220 -1.159484
225 -1.185424
230 -1.167877
235 -1.015899
240 -1.007131
245 -0.990989
250 -0.974083
255 -1.057902
260 -1.092180
265 -1.076628
270 -1.072399
275 -1.089882
280 -1.080579
285 -1.080621
290 -1.083766
295 -1.106367
300 -1.146304
305 -1.118975
310 -1.128356
315 -1.165420
320 -1.142416
325 -1.106652
330 -1.102269
335 -1.088235
340 -1.083786
345 -1.088872
350 -1.127655
355 -1.173148
360 -1.191707
365 -1.194203
370 -1.183614
375 -1.173148
380 -1.175580
385 -1.180361
390 -1.191789
395 -1.198265
400 -1.200358
405 -1.208867
410 -1.254854
415 -1.254854
420 -1.252533
425 -1.250174
430 -1.256645
435 -1.261497
440 -1.257138
445 -1.254638
450 -1.247645
455 -1.256720
460 -1.256720
465 -1.284462
470 -1.332510
475 -1.310642
480 -1.380203
485 -1.369970
490 -1.372686
495 -1.406763
500 -1.442202
505 -1.423167
510 -1.415044
515 -1.420287
520 -1.417694
525 -1.470750
530 -1.459361
535 -1.459361
540 -1.541865
545 -1.592084
550 -1.622327
555 -1.599990
560 -1.594359
565 -1.571754
570 -1.571754
575 -1.558916
580 -1.555652
585 -1.555652
590 -1.594359
595 -1.638490
600 -1.642321
605 -1.614869
610 -1.618381
615 -1.618381
620 -1.618381
625 -1.618381
630 -1.632127
635 -1.660191
640 -1.689046
645 -1.678416
650 -1.678416
655 -1.693078
660 -1.693078
665 -1.712020
670 -1.712020
675 -1.715982
680 -1.700835
685 -1.685914
690 -1.689508
695 -1.704555
700 -1.723574
705 -1.719835
710 -1.723574
715 -1.719835
720 -1.723574
725 -1.739228
730 -1.739228
735 -1.727198
740 -1.727198
745 -1.791928
750 -1.808794
755 -1.825947
760 -1.825947
765 -1.825947
770 -1.825947
775 -1.808794
780 -1.795999
785 -1.795999
790 -1.813026
795 -1.813026
800 -1.834609
805 -1.834609
810 -1.834609
815 -1.838718
820 -1.834609
825 -1.852417
830 -1.870551
835 -1.893680
840 -1.870551
845 -1.838718
850 -1.821063
855 -1.807370
860 -1.807370
865 -1.810868
870 -1.828500
875 -1.842672
880 -1.898170
885 -1.879316
890 -1.846466
895 -1.842672
900 -1.828500
905 -1.846466
910 -1.868566
915 -1.946248
920 -1.946248
925 -1.966690
930 -1.946248
935 -1.926229
940 -1.926229
945 -1.926229
950 -1.926229
955 -1.910565
960 -1.930358
965 -1.910565
970 -1.914319
975 -1.891177
980 -1.894767
985 -1.910565
990 -1.930358
995 -1.971225
1000 -1.992332
1005 -2.018678
1010 -1.996868
1015 -1.996868
1020 -1.996868
1025 -2.023206
1030 -2.018678
1035 -2.045764
1040 -2.063844
1045 -2.063844
1050 -2.063844
1055 -2.068871
1060 -2.092549
1065 -2.068871
1070 -2.050272
1075 -2.050272
1080 -2.058475
1085 -2.097573
1090 -2.127145
1095 -2.147352
1100 -2.147352
1105 -2.147352
1110 -2.122138
1115 -2.127145
1120 -2.127145
1125 -2.157633
1130 -2.184166
1135 -2.268556
1140 -2.268556
1145 -2.268556
1150 -2.268556
1155 -2.239584
1160 -2.268556
1165 -2.239584
1170 -2.268556
1175 -2.268556
1180 -2.304841
1185 -2.274538
1190 -2.274538
1195 -2.274538
1200 -2.274538
1205 -2.304841
1210 -2.304841
1215 -2.304841
1220 -2.304841
1225 -2.310778
1230 -2.310778
1235 -2.342528
1240 -2.375388
1245 -2.375388
1250 -2.444732
1255 -2.409430
1260 -2.409430
1265 -2.375388
1270 -2.375388
1275 -2.375388
1280 -2.381711
1285 -2.381711
1290 -2.387446
1295 -2.416272
1300 -2.387446
1305 -2.387446
1310 -2.387446
1315 -2.387446
1320 -2.353696
1325 -2.358435
1330 -2.392571
1335 -2.432919
1340 -2.464959
1345 -2.470269
1350 -2.464959
1355 -2.464959
1360 -2.503430
1365 -2.585571
1370 -2.733893
1375 -2.786226
1380 -2.841644
1385 -2.900490
1390 -2.912838
1395 -2.841644
1400 -2.795686
1405 -2.852408
1410 -2.852408
1415 -2.912838
1420 -2.977448
1425 -3.046792
1430 -3.046792
1435 -2.977448
1440 -2.977448
1445 -2.989506
1450 -2.977448
1455 -2.989506
1460 -3.138408
1465 -3.060971
1470 -3.138408
1475 -3.060971
1480 -3.138408
1485 -3.138408
1490 -3.138408
1495 -3.138408
1500 -3.072329
1505 -3.060971
1510 -3.072329
1515 -3.072329
1520 -3.072329
1525 -3.152018
1530 -3.239384
1535 -3.152018
1540 -3.152018
1545 -3.239384
1550 -3.239384
1555 -3.162008
1560 -3.152018
1565 -3.162008
1570 -3.591566
1575 -3.463478
1580 -3.463478
1585 -3.351304
1590 -3.351304
1595 -3.351304
1600 -3.475789
1605 -3.463478
1610 -3.475789
1615 -3.591566
1620 -3.608182
1625 -3.764068
1630 -3.764068
1635 -3.764068
1640 -3.764068
1645 -3.953364
1650 -4.193626
1655 -3.966048
1660 -3.953364
1665 -3.966048
1670 -5.001617
1675 -4.568108
