0 -0.265503
5 -1.478612
10 -0.994415
15 -0.699128
20 -0.876051
25 -0.869555
30 -1.114913
35 -1.202259
40 -1.104275
45 -1.364146
50 -1.562231
55 -1.583164
60 -1.534215
65 -1.676579
70 -1.872977
75 -2.534837
80 -2.224258
85 -2.086721
90 -2.162739
95 -2.360657
100 -2.251124
105 -2.371067
110 -2.487928
115 -2.456844
120 -2.421431
125 -2.713380
130 -3.027859
135 -3.273191
140 -3.131088
145 -3.157471
150 -2.852309
155 -2.729511
160 -2.512959
165 -2.583766
170 -2.880877
175 -2.991731
180 -2.834039
185 -2.876345
190 -3.037611
195 -3.046210
200 -2.900101
205 -2.883527
210 -2.851615
215 -2.897008
220 -2.899365
225 -2.901978
230 -2.902222
235 -2.940204
240 -3.063326
245 -3.124196
250 -3.124196
255 -3.145007
260 -3.147244
265 -3.137069
270 -3.117174
275 -3.117174
280 -3.126494
285 -3.210655
290 -3.232728
295 -3.337176
300 -3.390252
305 -3.514480
310 -3.571301
315 -3.685645
320 -3.727111
325 -3.713444
330 -3.755406
335 -3.780266
340 -3.824006
345 -3.869540
350 -3.913769
355 -4.015209
360 -4.003126
365 -4.064082
370 -4.045299
375 -4.045299
380 -4.022284
385 -3.995717
390 -4.231979
395 -4.297305
400 -4.017569
405 -4.050840
410 -4.108586
415 -4.017569
420 -4.108586
425 -4.108586
430 -4.209202
435 -4.278818
440 -4.231979
445 -4.352247
450 -4.297305
455 -4.297305
460 -4.297305
465 -4.297305
470 -4.352247
475 -4.297305
480 -4.297305
485 -4.352247
490 -4.231979
495 -4.278818
500 -4.671121
505 -4.590773
510 -4.352247
515 -4.352247
520 -4.278818
525 -4.352247
530 -4.231979
535 -4.278818
540 -4.278818
545 -4.278818
550 -4.278818
555 -4.278818
560 -4.278818
565 -4.352247
570 -4.278818
575 -4.352247
580 -4.352247
585 -4.671121
590 -4.745843
595 -4.671121
600 -4.745843
605 -4.745843
610 -4.671121
615 -4.745843
620 -4.745843
625 -4.745843
630 -4.745843
635 -4.745843
640 -4.745843
645 -4.808377
650 -4.808377
655 -4.509268
660 -4.509268
665 -4.590773
670 -4.590773
675 -4.671121
680 -4.671121
685 -4.671121
690 -4.850732
695 -4.696925
700 -4.865821
705 -4.850732
710 -4.865821
715 -4.850732
720 -4.850732
725 -4.850732
730 -4.850732
735 -4.850732
740 -4.850732
745 -4.745843
750 -4.745843
755 -4.745843
760 -4.671121
765 -4.745843
770 -4.745843
775 -4.745843
780 -4.745843
785 -4.671121
790 -4.745843
795 -4.745843
800 -4.745843
805 -4.745843
810 -4.745843
815 -4.850732
820 -4.850732
825 -4.850732
830 -4.850732
835 -4.696925
840 -4.850732
845 -4.696925
850 -4.850732
855 -4.850732
860 -4.671121
865 -4.745843
870 -4.696925
875 -4.850732
880 -4.850732
885 -4.850732
890 -4.850732
895 -4.696925
900 -4.850732
905 -4.850732
910 -4.850732
915 -4.850732
920 -4.696925
925 -4.850732
930 -4.696925
935 -4.850732
940 -4.850732
945 -4.696925
950 -4.850732
955 -4.696925
960 -4.850732
965 -4.850732
970 -4.696925
975 -4.850732
980 -4.696925
985 -4.850732
990 -4.850732
995 -4.696925
1000 -4.850732
1005 -4.696925
1010 -4.850732
1015 -4.696925
1020 -4.696925
1025 -4.696925
1030 -4.696925
1035 -4.850732
1040 -4.696925
1045 -4.696925
1050 -4.850732
1055 -4.696925
1060 -4.850732
1065 -4.696925
1070 -4.696925
1075 -4.850732
1080 -4.696925
1085 -4.850732
1090 -4.696925
1095 -4.696925
1100 -4.696925
1105 -4.696925
1110 -4.696925
1115 -4.696925
1120 -4.850732
1125 -4.696925
1130 -4.696925
1135 -4.696925
1140 -4.696925
1145 -4.696925
1150 -4.696925
1155 -4.696925
1160 -4.696925
1165 -4.696925
1170 -4.696925
1175 -4.696925
1180 -4.696925
1185 -4.696925
1190 -4.696925
1195 -4.696925
1200 -4.707459
1205 -4.620755
1210 -4.563562
1215 -4.696925
1220 -4.696925
1225 -4.696925
1230 -4.696925
1235 -4.696925
1240 -4.696925
1245 -4.696925
1250 -4.696925
1255 -4.696925
1260 -4.707459
1265 -4.696925
1270 -4.696925
1275 -4.696925
1280 -4.696925
1285 -4.696925
1290 -4.696925
1295 -4.696925
1300 -4.696925
1305 -4.696925
1310 -4.707459
1315 -4.696925
1320 -4.707459
1325 -4.696925
1330 -4.696925
1335 -4.707459
1340 -4.696925
1345 -4.707459
1350 -4.696925
1355 -4.707459
1360 -4.707459
1365 -4.696925
1370 -4.707459
1375 -4.696925
1380 -4.707459
1385 -4.865821
1390 -4.707459
1395 -4.865821
1400 -4.707459
1405 -4.707459
1410 -4.850732
1415 -4.707459
1420 -4.865821
1425 -4.865821
1430 -6.263761
1435 -6.263761
1440 -6.263761
1445 -6.263761
1450 -6.263761
1455 -6.263761
1460 -6.263761
1465 -6.263761
1470 -6.263761
1475 -6.263761
1480 -6.263761
1485 -6.263761
1490 -6.263761
1495 -6.263761
1500 -6.263761
1505 -6.263761
1510 -6.263761
1515 -6.263761
1520 -6.263761
1525 -6.263761
1530 -6.263761
1535 -6.263761
1540 -6.263761
1545 -6.263761
1560 -6.263761
1570 -6.263761
1605 -6.263761
1630 -5.988713
1700 -5.988713
1720 -5.661701
1725 -6.317378
1750 -6.317378
1775 -6.317378
1785 -6.317378
1800 -6.317378
1810 -6.317378
1825 -6.317378
1835 -6.317378
1845 -6.317378
