0 0.331676
5 4.978162
10 5.190054
15 5.590054
20 5.557622
25 5.414919
30 5.577081
35 5.053838
40 4.658162
45 3.948973
50 3.704649
55 2.898162
60 2.065730
65 1.923027
70 1.659243
75 1.624649
80 1.628973
85 1.581405
90 1.462919
95 1.590054
100 1.476541
105 1.371459
110 1.367784
115 1.416000
120 1.440432
125 1.439135
130 1.339027
135 1.228757
140 1.170378
145 1.185514
150 1.179459
155 1.213622
160 1.232000
165 1.217081
170 1.171892
175 1.158270
180 1.125189
185 1.120432
190 1.115243
195 1.114811
200 1.065730
205 1.049514
210 1.062919
215 1.034811
220 1.022919
225 1.031351
230 1.034811
235 1.036757
240 1.028324
245 1.025297
250 1.023568
255 1.024000
260 1.019243
265 1.016000
270 1.015135
275 1.011892
280 1.010162
285 1.008216
290 1.008000
295 1.006703
300 1.006486
305 1.008000
310 1.008216
315 1.005622
320 1.004973
325 1.002595
330 1.003892
335 1.002595
340 1.001946
345 1.002162
350 1.003027
355 1.002811
360 1.002811
365 1.003027
370 1.003027
375 1.003243
380 1.003676
385 1.003892
390 1.003892
395 1.003892
400 1.003892
405 1.003243
410 1.002595
415 1.002162
420 1.002378
425 1.002162
430 1.002162
435 1.002162
440 1.003027
445 1.001946
450 1.001730
455 1.001514
460 1.001297
465 1.001297
470 1.001297
475 1.001514
480 0.998054
485 0.999351
490 0.998054
495 0.998270
500 0.997838
505 0.997189
510 0.993081
515 0.994162
520 0.994162
525 0.994378
530 0.994811
535 0.994595
540 0.994595
545 0.994595
550 0.994378
555 0.992649
560 0.994378
565 0.994378
570 0.997405
575 0.997622
580 0.997189
585 0.996973
590 0.996757
595 0.999784
600 0.998054
605 0.999784
610 0.999784
615 1.000000
620 1.000000
625 0.999784
630 0.999784
635 1.000000
640 0.999784
645 0.998270
650 0.999568
655 0.999784
660 0.999784
665 0.999784
670 0.999784
675 0.999568
680 0.999568
685 0.999568
690 0.998054
695 0.999568
700 0.999568
705 0.999568
710 0.999568
715 0.999568
720 0.999351
725 0.999351
730 0.999351
735 0.997622
740 0.999351
745 0.999351
750 0.999351
755 0.999568
760 0.999351
765 0.999351
770 0.999351
775 0.999351
780 0.997622
785 0.999351
790 0.999135
795 0.999351
800 0.999351
805 0.999135
810 0.999135
815 0.999351
820 0.999135
825 0.997622
830 0.999351
835 0.999135
840 0.999135
845 0.999351
850 0.999135
855 0.999135
860 0.999135
865 0.999135
870 0.997838
875 0.999135
880 0.999135
885 0.999135
890 0.999351
895 0.999568
900 0.999351
905 0.999135
910 0.999135
915 0.999351
920 0.999135
925 0.999135
930 0.999135
935 0.999351
940 0.999135
945 0.999135
950 0.999135
955 0.998919
960 0.998919
965 0.999135
970 0.999135
975 0.999135
980 0.999135
985 0.999135
990 0.999135
995 0.999135
1000 0.995892
1005 0.995027
1010 0.992865
1015 0.996108
1020 0.995892
1025 0.996324
1030 0.996108
1035 0.996108
1040 0.993081
1045 0.993081
1050 0.993514
1055 0.990486
1060 0.993514
1065 0.993514
1070 0.994595
1075 0.993514
1080 0.993514
1085 0.996541
1090 0.996541
1095 0.996324
1100 0.996324
1105 0.996324
1110 0.999351
1115 1.000865
1120 0.999135
1125 0.999135
1130 0.999135
1135 0.999135
1140 0.999135
1145 0.999135
1150 0.999135
1155 0.999135
1160 1.000649
1165 0.999135
1170 0.998919
1175 0.998919
1180 0.998919
1185 0.999135
1190 0.999135
1195 0.998919
1200 0.999135
1205 1.000649
1210 0.998919
1215 0.998919
1220 0.998919
1225 0.998703
1230 0.998919
1235 0.998919
1240 0.998919
1245 0.998919
1250 0.998703
1255 0.998919
1260 0.998919
1265 0.998919
1270 0.994811
1275 0.995676
1280 0.995892
1285 0.995892
1290 0.996108
1295 0.996108
1300 0.996108
1305 0.996108
1310 0.996108
1315 0.994811
1320 0.996108
1325 0.996108
1330 0.996108
1335 0.996108
1340 0.996324
1345 0.995892
1350 0.998919
1355 0.998919
1360 0.998703
1365 0.998919
1370 0.998919
1375 0.998919
1380 0.995892
1385 0.996108
1390 0.996108
1395 0.996108
1400 0.996108
1405 0.994162
1410 0.999135
1415 0.995892
1420 0.995892
1425 0.996108
1430 0.996108
1435 0.996108
1440 0.996324
1445 0.996108
1450 0.996324
1455 0.996324
1460 0.996324
1465 0.996324
1470 0.996541
1475 0.996324
1480 0.996108
1485 0.995892
1490 0.999135
1495 0.999135
1500 0.998919
1505 0.999135
1510 0.998919
1515 0.996757
1520 0.995892
1525 0.995892
1530 0.995892
1535 0.995892
1540 0.995892
1545 0.996108
1550 0.996108
1555 0.996108
1560 1.000000
1565 0.999351
1570 0.999135
1575 0.999135
1580 0.995676
1585 0.996108
1590 0.996108
1595 0.996108
1600 0.996108
1605 0.996324
1610 0.996108
1615 0.996108
1620 0.996324
1625 0.995892
1630 0.995892
1635 0.995892
1640 0.999135
1645 0.999135
1650 0.999135
1655 0.998919
1660 0.998919
1665 0.998919
1670 0.997622
1675 0.995892
1680 0.995892
1685 0.995892
1690 0.995892
1695 0.995676
1700 0.995892
1705 0.999135
1710 0.998919
1715 0.997189
1720 0.998919
1725 0.998703
1730 0.998919
1735 0.999135
1740 0.995892
1745 0.995892
1750 0.996108
1755 0.996108
1760 0.996108
1765 0.996108
1770 0.996108
1775 0.995892
1780 0.996108
1785 0.995892
1790 0.995892
1795 0.995892
1800 0.995892
1805 0.995892
1810 0.999135
1815 0.999135
1820 0.998919
1825 0.999135
1830 0.998919
1835 0.998919
1840 0.998703
1845 0.998703
1850 0.998703
1855 0.998703
1860 0.998703
1865 0.998703
1870 0.999784
1875 0.998703
1880 0.998703
1885 0.998486
1890 0.998486
1895 0.998703
1900 0.998703
1905 0.998486
1910 0.998486
1915 0.999568
1920 0.998703
1925 0.998703
1930 0.998486
1935 0.998270
1940 0.998054
1945 0.998486
1950 0.998486
1955 0.998486
1960 0.998486
1965 0.998486
1970 0.998486
1975 0.998486
1980 0.998270
1985 0.998486
1990 0.998486
1995 0.998486
2000 0.995676
2005 0.995892
2010 0.995892
2015 0.995892
2020 0.995892
2025 0.995459
2030 0.995676
2035 0.998703
2040 0.998703
2045 0.998703
2050 0.998703
2055 0.998919
2060 0.995676
2065 0.995676
2070 0.995459
2075 0.995676
2080 0.995676
2085 0.995676
2090 0.999135
2095 0.998919
2100 0.998703
2105 0.998703
2110 0.998703
2115 0.998054
2120 0.998486
2125 0.998486
2130 0.998486
2135 0.999784
2140 0.998486
2145 0.998486
2150 0.998486
2155 0.998270
2160 0.998486
2165 0.998486
2170 0.998486
2175 0.998270
2180 0.999784
2185 0.998270
2190 0.998270
2195 0.998270
2200 0.998270
2205 0.998486
2210 0.998486
2215 0.995243
2220 0.995459
2225 0.995676
2230 0.995676
2235 0.995676
2240 0.995676
2245 0.994378
2250 0.995676
2255 0.995676
2260 0.995676
2265 0.995676
2270 0.995676
2275 0.998703
2280 0.998703
2285 0.998703
2290 0.996973
2295 0.998486
2300 0.998486
2305 0.998486
2310 0.998486
2315 0.998270
2320 0.998270
2325 0.998270
2330 0.998486
2335 0.996541
2340 0.998270
2345 0.998270
2350 0.998270
2355 0.998486
2360 0.998270
2365 0.998270
2370 0.998270
2375 0.998054
2380 0.996973
2385 0.998270
2390 0.998270
2395 0.998270
2400 0.998486
2405 0.998270
2410 0.998270
2415 0.998270
2420 0.998054
2425 0.998270
2430 0.998270
2435 0.998054
2440 0.998270
2445 0.999784
2450 0.998270
2455 0.998270
2460 0.998270
2465 0.998270
2470 0.998486
2475 0.995243
2480 0.995243
2485 0.995459
2490 0.995459
2495 0.998486
2500 0.998486
2505 0.998486
2510 0.998054
2515 0.998054
2520 0.998270
2525 0.998270
2530 0.998270
2535 0.998486
2540 0.998270
2545 0.998486
2550 0.998486
2555 0.995027
2560 0.995243
2565 0.998486
2570 0.998486
2575 0.998486
2580 0.998270
2585 0.998270
2590 0.998270
2595 0.998270
2600 0.996757
2605 0.998270
2610 0.998270
2615 0.998270
2620 0.998270
2625 0.998270
2630 0.998270
2635 0.998270
2640 0.998270
2645 0.998270
2650 0.998270
2655 0.998270
2660 0.998054
2665 0.998486
2670 0.998270
2675 0.998270
2680 0.998270
2685 0.998270
2690 0.998054
2695 0.998270
2700 0.998270
2705 0.998054
2710 0.999784
2715 0.998270
2720 0.998270
2725 0.998270
2730 0.998270
2735 0.998270
2740 0.998270
2745 0.998270
2750 0.998054
2755 0.999351
2760 0.998270
2765 0.998270
2770 0.998270
2775 0.998270
2780 0.998054
2785 0.998054
2790 0.998054
2795 0.998054
2800 0.999784
2805 0.998270
2810 0.998270
2815 0.998054
2820 0.998054
2825 0.998270
2830 0.998054
2835 0.998270
2840 0.998270
2845 0.998270
2850 0.998054
2855 0.998054
2860 0.998054
2865 0.996324
2870 0.998054
2875 0.998054
2880 0.998054
2885 0.998270
2890 0.998054
2895 0.998054
2900 0.998270
2905 0.998054
2910 0.996757
2915 0.998054
2920 0.998054
2925 0.998054
2930 0.998270
2935 0.998270
2940 0.998054
2945 0.998054
2950 0.998054
2955 0.998054
2960 0.998054
2965 0.998054
2970 0.998054
2975 0.998270
2980 0.998054
2985 0.998054
2990 0.998054
2995 0.998054
3000 0.998054
3005 0.998054
3010 0.998054
3015 0.998054
3020 0.999568
3025 0.998054
3030 0.998054
3035 0.998054
3040 0.997838
3045 0.998054
3050 0.998054
3055 0.998054
3060 0.997838
3065 0.997838
3070 0.997838
3075 0.997838
3080 0.998054
3085 0.997622
3090 0.998054
3095 0.998054
3100 0.998054
3105 0.998054
3110 0.998054
3115 0.997838
3120 0.997838
3125 0.997838
3130 0.996757
3135 0.997838
3140 0.997838
3145 0.997622
3150 0.997838
3155 0.997838
3160 0.997838
3165 0.998054
3170 0.997838
3175 0.997838
3180 0.997838
3185 0.997838
3190 0.997838
3195 0.998054
3200 0.997838
3205 0.997838
3210 0.997838
3215 0.997838
3220 0.996973
3225 0.997622
3230 0.997622
3235 0.997622
3240 0.998054
3245 0.997622
3250 0.997838
3255 0.997838
3260 0.997838
3265 0.998054
3270 0.998054
3275 0.997838
3280 0.997838
3285 0.998054
3290 0.997838
3295 0.997838
3300 0.997838
3305 0.997838
3310 0.997838
3315 0.997838
3320 0.998054
3325 0.997838
3330 0.997838
3335 0.997838
3340 0.997838
3345 0.997622
3350 0.997622
3355 0.997622
3360 0.997622
3365 0.997622
3370 0.997622
3375 0.997622
3380 0.997622
3385 0.997622
3390 0.997622
3395 0.997405
3400 0.997622
3405 0.997622
3410 0.997622
3415 0.997622
3420 0.997838
3425 1.000649
3430 1.000865
3435 1.000649
3440 0.999135
3445 1.000649
3450 1.000649
3455 0.997405
3460 0.997838
3465 0.997622
3470 0.997838
3475 0.997838
3480 0.997622
3485 0.996324
3490 1.000649
3495 1.000649
3500 1.000649
3505 1.000865
3510 1.000649
3515 1.000649
3520 1.000649
3525 1.000649
3530 1.000432
3535 1.000432
3540 1.000432
3545 1.000649
3550 1.001946
3555 1.000649
3560 1.000649
3565 1.000432
3570 1.000432
3575 0.997405
3580 0.997622
3585 0.997622
3590 0.997838
3595 0.997405
3600 0.997622
3605 0.997622
3610 0.997838
3615 0.997622
3620 0.997838
3625 0.997622
3630 0.997622
3635 0.997622
3640 1.000865
3645 1.000649
3650 1.000649
3655 1.000649
3660 0.999351
3665 1.000000
3670 1.000432
3675 1.000649
3680 1.000649
3685 1.000216
3690 1.000432
3695 1.000432
3700 1.000432
3705 1.000000
3710 1.000216
3715 1.000432
3720 1.000432
3725 1.000432
3730 0.997405
3735 0.997189
3740 0.997405
3745 0.997405
3750 0.997189
3755 0.997405
3760 0.997405
3765 1.000432
3770 1.000649
3775 1.000432
3780 0.997189
3785 0.997189
3790 0.997405
3795 0.997405
3800 0.997405
3805 0.997405
3810 0.997405
3815 0.998486
3820 0.997405
3825 1.000432
3830 1.000432
3835 1.000216
3840 1.000216
3845 1.000432
3850 1.000432
3855 1.000216
3860 1.001730
3865 1.000216
3870 1.000216
3875 1.000216
3880 1.000216
3885 1.000216
3890 1.000216
3895 1.000216
3900 1.000432
3905 0.997189
3910 0.997189
3915 0.997189
3920 0.997189
3925 0.996757
3930 0.997189
3935 0.997189
3940 0.997189
3945 0.997189
3950 0.997189
3955 0.997189
3960 0.997405
3965 0.997189
3970 0.995892
3975 0.997405
3980 0.997405
3985 0.997405
3990 0.997405
3995 0.997405
4000 0.997405
4005 0.997189
4010 1.000432
4015 1.000216
4020 0.997189
4025 0.997189
4030 0.997189
4035 1.000649
4040 1.000216
4045 1.000216
4050 1.000216
4055 1.000216
4060 0.999568
4065 1.000000
4070 1.000216
4075 1.000216
4080 1.000432
4085 1.000216
4090 1.000216
4095 1.000216
4100 1.000000
4105 1.000000
4110 1.000000
4115 1.000000
4120 0.996973
4125 0.998486
4130 0.997189
4135 1.000216
4140 1.000216
4145 1.000216
4150 1.000216
4155 1.000000
4160 1.000216
4165 1.000216
4170 1.001297
4175 1.000216
4180 0.996973
4185 0.997189
4190 0.996973
4195 0.997189
4200 0.997189
4205 0.997189
4210 0.997189
4215 1.001297
4220 1.000216
4225 1.000216
4230 1.000216
4235 0.999784
4240 1.000000
4245 1.000000
4250 1.000000
4255 1.000000
4260 1.000216
4265 1.000216
4270 1.000000
4275 1.000000
4280 0.998919
4285 1.000000
4290 1.000000
4295 1.000000
4300 1.000000
4305 1.000000
4310 1.000000
4315 1.000000
4320 1.000000
4325 1.000000
4330 1.000000
4335 1.000000
4340 1.000000
4345 1.000432
4350 1.000216
4355 0.996757
4360 0.996973
4365 0.996973
4370 0.996541
4375 1.000000
4380 1.000000
4385 1.000000
4390 1.001514
4395 1.000000
4400 1.000000
4405 1.000000
4410 0.999784
4415 1.000000
4420 1.000000
4425 1.000000
4430 1.000000
4435 1.001297
4440 1.000000
4445 1.000000
4450 1.000000
4455 0.999784
4460 0.999568
4465 1.000000
4470 0.996757
4475 0.996973
4480 0.996973
4485 0.996973
4490 0.996973
4495 0.996973
4500 0.996541
4505 1.000000
4510 1.000000
4515 1.000000
4520 1.000000
4525 1.000000
4530 0.999784
4535 0.999784
4540 0.999784
4545 0.998486
4550 0.999784
4555 0.999784
4560 0.999784
4565 0.999784
4570 0.999784
4575 0.999784
4580 0.999784
4585 0.996757
4590 0.995027
4595 0.996757
4600 0.996757
4605 0.996973
4610 0.996757
4615 0.996973
4620 0.996973
4625 0.996973
4630 1.000000
