0 -0.153439
5 0.916534
10 0.963989
15 1.041476
20 1.035914
25 1.009968
30 1.039787
35 0.922552
40 0.825497
45 0.640145
50 0.565639
55 0.261887
60 -0.208123
65 -0.354488
70 -0.657918
75 -0.700862
80 -0.702611
85 -0.765236
90 -0.964454
95 -0.744344
100 -0.904665
105 -1.089668
110 -1.099936
115 -0.993356
120 -0.964018
125 -1.005503
130 -1.222831
135 -1.563763
140 -1.811482
145 -1.761339
150 -1.788369
155 -1.641345
160 -1.570052
165 -1.609887
170 -1.830518
175 -1.896332
180 -2.077189
185 -2.108113
190 -2.150707
195 -2.146603
200 -2.570744
205 -2.807613
210 -2.677694
215 -3.194992
220 -3.573502
225 -3.308009
230 -3.209326
235 -3.162085
240 -3.381404
245 -3.493127
250 -3.556175
255 -3.537957
260 -3.732136
265 -3.872636
270 -3.907468
275 -4.054920
280 -4.130064
285 -4.355066
290 -4.346908
295 -4.529965
300 -4.535630
305 -4.419303
310 -4.460265
315 -4.727801
320 -4.796889
325 -5.454709
330 -5.118650
335 -5.454709
340 -5.714594
345 -5.439779
350 -5.325566
355 -5.387827
360 -5.314282
365 -5.261152
370 -5.309340
375 -5.276110
380 -5.170356
385 -5.120708
390 -5.118650
395 -5.120708
400 -5.118650
405 -5.267347
410 -5.454709
415 -5.624620
420 -5.542979
425 -5.624620
430 -5.631253
435 -5.624620
440 -5.261152
445 -5.654207
450 -5.814753
455 -5.927626
460 -6.006389
465 -6.074951
470 -6.006389
475 -5.927626
480 -5.714594
485 -5.822312
490 -5.690954
495 -5.814753
500 -5.624620
505 -5.399429
510 -4.620301
515 -4.764874
520 -4.767610
525 -4.800319
530 -4.802269
535 -4.831116
540 -4.834305
545 -4.831116
550 -4.800319
555 -4.565989
560 -4.792498
565 -4.800319
570 -5.433003
575 -5.526915
580 -5.387827
585 -5.325566
590 -5.276110
595 -6.776555
600 -5.150337
605 -5.283664
610 -5.283664
615 -5.361196
620 -5.443982
625 -5.748065
630 -5.358871
635 -5.443982
640 -5.358871
645 -5.120560
650 -5.432839
655 -5.441169
660 -5.633415
665 -5.441169
670 -5.633415
675 -5.432839
680 -5.521781
685 -5.432839
690 -5.204363
695 -5.351967
700 -5.432839
705 -5.521781
710 -5.432839
715 -5.620515
720 -5.419301
725 -5.419301
730 -5.419301
735 -5.143785
740 -5.340700
745 -5.419301
750 -5.505224
755 -5.521781
760 -5.704825
765 -5.505224
770 -5.340700
775 -5.419301
780 -5.050202
785 -5.340700
790 -5.777505
795 -5.419301
800 -5.505224
805 -5.670228
810 -5.401030
815 -5.419301
820 -5.572435
825 -5.143785
830 -5.419301
835 -5.483057
840 -5.572435
845 -5.505224
850 -5.777505
855 -5.572435
860 -5.572435
865 -5.572435
870 -5.074817
875 -5.401030
880 -5.401030
885 -5.483057
890 -6.608449
895 -5.857407
900 -5.268332
905 -5.483057
910 -5.401030
915 -5.419301
920 -5.401030
925 -5.483057
930 -5.572435
935 -6.608449
940 -5.670228
945 -5.572435
950 -5.572435
955 -5.539574
960 -5.456123
965 -5.572435
970 -5.670228
975 -5.670228
980 -6.387246
985 -5.572435
990 -5.670228
995 -5.670228
1000 -5.011734
1005 -4.796889
1010 -4.556619
1015 -5.005423
1020 -4.968965
1025 -5.161201
1030 -5.052147
1035 -5.005423
1040 -4.581066
1045 -4.590091
1050 -4.566754
1055 -4.332093
1060 -4.631904
1065 -4.631904
1070 -4.834305
1075 -4.642063
1080 -4.642063
1085 -5.081633
1090 -5.081633
1095 -5.014601
1100 -5.042978
1105 -5.069655
1110 -5.704825
1115 -6.387246
1120 -5.572435
1125 -5.670228
1130 -5.670228
1135 -5.670228
1140 -5.401030
1145 -5.572435
1150 -5.572435
1155 -5.670228
1160 -5.954762
1165 -5.670228
1170 -5.725953
1175 -5.629447
1180 -5.629447
1185 -5.401030
1190 -5.670228
1195 -5.725953
1200 -5.777505
1205 -6.272328
1210 -5.725953
1215 -5.629447
1220 -5.629447
1225 -5.220252
1230 -5.935545
1235 -5.725953
1240 -5.725953
1245 -5.725953
1250 -6.056769
1255 -5.828631
1260 -5.629447
1265 -5.725953
1270 -4.708990
1275 -4.989306
1280 -5.011734
1285 -5.011734
1290 -5.052147
1295 -5.005423
1300 -5.029827
1305 -5.052147
1310 -5.052147
1315 -4.729450
1320 -5.088894
1325 -5.052147
1330 -5.029827
1335 -5.029827
1340 -5.150023
1345 -5.029761
1350 -5.828631
1355 -5.725953
1360 -5.759226
1365 -5.725953
1370 -5.725953
1375 -5.725953
1380 -5.029761
1385 -5.088894
1390 -5.071972
1395 -5.052147
1400 -5.071972
1405 -4.746188
1410 -5.895033
1415 -5.045087
1420 -5.011734
1425 -5.120708
1430 -5.088894
1435 -5.052147
1440 -5.116071
1445 -5.071972
1450 -5.094180
1455 -5.094180
1460 -5.134842
1465 -5.116071
1470 -5.223014
1475 -5.134842
1480 -5.071972
1485 -5.011734
1490 -5.895033
1495 -5.670228
1500 -5.725953
1505 -5.895033
1510 -5.725953
1515 -5.233964
1520 -5.045087
1525 -5.029761
1530 -5.011734
1535 -5.029761
1540 -5.011734
1545 -5.071972
1550 -5.088894
1555 -5.088894
1565 -6.104580
1570 -5.670228
1575 -5.895033
1580 -5.003247
1585 -5.052147
1590 -4.979328
1595 -5.052147
1600 -5.088894
1605 -5.161201
1610 -5.102527
1615 -5.088894
1620 -5.134842
1625 -4.944914
1630 -5.071899
1635 -5.045087
1640 -6.022451
1645 -6.156279
1650 -6.387246
1655 -6.041839
1660 -5.828631
1665 -6.137705
1670 -5.192060
1675 -5.066402
1680 -5.045087
1685 -5.045087
1690 -5.057394
1695 -5.022560
1700 -5.045087
1705 -6.022451
1710 -6.041839
1715 -5.243123
1720 -5.828631
1725 -5.933570
1730 -5.935545
1735 -6.156279
1740 -5.057394
1745 -5.057394
1750 -5.102527
1755 -5.088894
1760 -5.029827
1765 -5.088894
1770 -5.102527
1775 -5.057394
1780 -5.112534
1785 -5.045087
1790 -5.057394
1795 -5.057394
1800 -5.057394
1805 -5.066402
1810 -6.156279
1815 -6.022451
1820 -6.041839
1825 -6.285753
1830 -6.207367
1835 -6.137705
1840 -6.006389
1845 -5.584303
1850 -5.933570
1855 -5.933570
1860 -5.933570
1865 -6.006389
1870 -6.776555
1875 -6.006389
1880 -6.006389
1885 -5.889657
1890 -5.832934
1895 -6.006389
1900 -6.006389
1905 -5.889657
1910 -5.832934
1915 -6.379565
1920 -6.006389
1925 -5.933570
1930 -5.832934
1935 -5.683693
1940 -5.654207
1945 -5.889657
1950 -5.832934
1955 -5.832934
1960 -5.927626
1965 -5.941057
1970 -5.927626
1975 -5.927626
1980 -5.355554
1985 -5.832934
1990 -5.889657
1995 -5.889657
2000 -5.003247
2005 -5.071899
2010 -5.071899
2015 -5.066402
2020 -5.071899
2025 -4.963216
2030 -5.027526
2035 -6.056769
2040 -6.056769
2045 -6.006389
2050 -6.006389
2055 -6.207367
2060 -5.027526
2065 -5.027526
2070 -4.985302
2075 -5.027526
2080 -5.027526
2085 -5.022560
2090 -5.777505
2095 -6.233313
2100 -6.056769
2105 -6.056769
2110 -6.056769
2115 -5.690954
2120 -5.927626
2125 -5.927626
2130 -5.927626
2135 -7.631253
2140 -5.927626
2145 -5.927626
2150 -5.927626
2155 -5.825073
2160 -5.832934
2165 -5.941057
2170 -5.941057
2175 -5.814753
2180 -7.226571
2185 -5.814753
2190 -5.825073
2195 -5.825073
2200 -5.825073
2205 -5.927626
2210 -5.941057
2215 -4.946408
2220 -4.986815
2225 -5.003247
2230 -5.027526
2235 -5.029193
2240 -5.029193
2245 -4.767094
2250 -5.014408
2255 -5.029193
2260 -5.027526
2265 -5.027526
2270 -5.014408
2275 -6.056769
2280 -6.074951
2285 -6.074951
2290 -5.338997
2295 -5.941057
2300 -5.927626
2305 -5.927626
2310 -5.941057
2315 -5.739983
2320 -5.785186
2325 -5.814753
2330 -5.927626
2335 -5.220410
2340 -5.814753
2345 -5.825073
2350 -5.814753
2355 -5.889657
2360 -5.814753
2365 -5.814753
2370 -5.825073
2375 -5.714594
2380 -5.335600
2385 -5.785186
2390 -5.825073
2395 -5.785186
2400 -5.536375
2405 -5.785186
2410 -5.814753
2415 -5.814753
2420 -5.714594
2425 -5.785186
2430 -5.814753
2435 -5.714594
2440 -5.620623
2445 -5.532027
2450 -5.814753
2455 -5.814753
2460 -5.785186
2465 -5.814753
2470 -5.927626
2475 -4.945029
2480 -4.940919
2485 -4.985302
2490 -4.918253
2495 -5.832934
2500 -5.889657
2505 -5.889657
2510 -5.496413
2515 -5.714594
2520 -5.814753
2525 -5.785186
2530 -5.739983
2535 -5.889657
2540 -5.739983
2545 -5.889657
2550 -5.889657
2555 -4.888037
2560 -4.934153
2565 -5.889657
2570 -5.889657
2575 -5.832934
2580 -5.683693
2585 -5.739983
2590 -5.739983
2595 -5.739983
2600 -5.267347
2605 -5.739983
2610 -5.683693
2615 -5.739983
2620 -5.175445
2625 -5.683693
2630 -5.683693
2635 -5.739983
2640 -5.785186
2645 -5.814753
2650 -5.739983
2655 -5.739983
2660 -5.654207
2665 -5.391532
2670 -5.620623
2675 -5.683693
2680 -5.420391
2685 -5.420391
2690 -5.204363
2695 -5.486939
2700 -5.420391
2705 -5.377181
2710 -6.776555
2715 -5.554219
2720 -5.486939
2725 -5.420391
2730 -5.355554
2735 -5.292973
2740 -5.292973
2745 -5.486939
2750 -5.377181
2755 -5.954762
2760 -5.554219
2765 -5.486939
2770 -5.420391
2775 -5.175445
2780 -5.318086
2785 -5.377181
2790 -5.377181
2795 -5.377181
2800 -6.222575
2805 -5.554219
2810 -5.420391
2815 -5.436970
2820 -5.150337
2825 -5.292973
2830 -5.436970
2835 -5.486939
2840 -5.486939
2845 -5.554219
2850 -5.436970
2855 -5.318086
2860 -5.377181
2865 -4.923145
2870 -5.318086
2875 -5.436970
2880 -5.436970
2885 -5.554219
2890 -5.553966
2895 -5.496413
2900 -5.486939
2905 -5.436970
2910 -5.017165
2915 -5.436970
2920 -5.436970
2925 -5.436970
2930 -5.554219
2935 -5.620623
2940 -5.496413
2945 -5.436970
2950 -5.436970
2955 -5.204363
2960 -5.436970
2965 -5.496413
2970 -5.553966
2975 -5.825073
2980 -5.496413
2985 -5.436970
2990 -5.553966
2995 -5.496413
3000 -5.377181
3005 -5.496413
3010 -5.496413
3015 -5.496413
3020 -6.624511
3025 -5.553966
3030 -5.496413
3035 -5.496413
3040 -5.489873
3045 -5.436970
3050 -5.436970
3055 -5.496413
3060 -5.489873
3065 -5.535645
3070 -5.439779
3075 -5.439779
3080 -5.496413
3085 -5.050202
3090 -5.436970
3095 -5.553966
3100 -5.496413
3105 -5.496413
3110 -5.654207
3115 -5.489873
3120 -5.387182
3125 -5.489873
3130 -5.017165
3135 -5.439779
3140 -5.439779
3145 -5.428553
3150 -5.439779
3155 -5.574913
3160 -5.489873
3165 -5.496413
3170 -5.387182
3175 -5.226571
3180 -5.439779
3185 -5.489873
3190 -5.489873
3195 -5.654207
3200 -5.387182
3205 -5.489873
3210 -5.535645
3215 -5.489873
3220 -5.230874
3225 -5.384735
3230 -5.428553
3235 -5.428553
3240 -5.714594
3245 -5.428553
3250 -5.489873
3255 -5.489873
3260 -5.535645
3265 -5.553966
3270 -5.714594
3275 -5.535645
3280 -5.489873
3285 -5.654207
3290 -5.489873
3295 -5.535645
3300 -5.489873
3305 -5.439779
3310 -5.387182
3315 -5.439779
3320 -5.496413
3325 -5.489873
3330 -5.605307
3335 -5.535645
3340 -5.535645
3345 -5.428553
3350 -5.096424
3355 -5.428553
3360 -5.428553
3365 -5.468015
3370 -5.468015
3375 -5.542979
3380 -5.468015
3385 -5.428553
3390 -5.468015
3395 -5.157166
3400 -5.428553
3405 -5.428553
3410 -5.468015
3415 -5.468015
3420 -5.605307
3425 -6.272328
3430 -5.895033
3435 -6.104580
3440 -5.777505
3445 -6.104580
3450 -6.104580
3455 -5.404329
3460 -5.535645
3465 -5.526915
3470 -5.535645
3475 -5.574913
3480 -5.428553
3485 -5.042978
3490 -5.822312
3495 -6.104580
3500 -6.104580
3505 -6.285753
3510 -6.450655
3515 -6.104580
3520 -6.104580
3525 -5.954762
3530 -6.003090
3535 -6.174495
3540 -7.029193
3545 -6.104580
3550 -5.714594
3555 -6.450655
3560 -6.272328
3565 -6.379565
3570 -6.379565
3575 -5.454709
3580 -5.526915
3585 -5.526915
3590 -5.574913
3595 -5.468274
3600 -5.526915
3605 -5.526915
3610 -5.605307
3615 -5.143785
3620 -5.574913
3625 -5.501396
3630 -5.501396
3635 -5.526915
3640 -6.427133
3645 -6.450655
3650 -6.272328
3655 -6.450655
3660 -6.104580
3665 -6.489739
3670 -6.624511
3675 -6.450655
3680 -6.608449
3685 -6.776555
3690 -6.624511
3695 -6.624511
3700 -6.624511
3705 -5.637802
3710 -6.776555
3715 -6.379565
3720 -6.624511
3725 -6.624511
3730 -5.454709
3735 -5.387827
3740 -5.454709
3745 -5.454709
3750 -5.314282
3755 -5.468274
3760 -5.454709
3765 -6.887813
3770 -5.954762
3775 -7.029193
3780 -5.399429
3785 -5.387827
3790 -5.454709
3795 -5.289984
3800 -5.404329
3805 -5.433003
3810 -5.454709
3815 -5.536375
3820 -5.472891
3825 -6.887813
3830 -6.624511
3835 -6.776555
3840 -6.222575
3845 -6.624511
3850 -6.887813
3855 -7.226571
3860 -5.683693
3865 -7.631253
3870 -7.631253
3875 -7.226571
3880 -7.226571
3885 -6.776555
3890 -6.776555
3895 -6.776555
3900 -6.887813
3905 -5.403367
3910 -5.403367
3915 -5.399429
3920 -5.387827
3925 -5.153529
3930 -5.387827
3935 -5.387827
3940 -5.399429
3945 -5.399429
3950 -5.369154
3955 -5.403367
3960 -5.472891
3965 -5.403367
3970 -4.991352
3975 -5.454709
3980 -5.454709
3985 -5.468274
3990 -5.468274
3995 -5.472891
4000 -5.468274
4005 -5.399429
4010 -6.887813
4015 -7.226571
4020 -5.403367
4025 -5.403367
4030 -5.403367
4035 -6.677011
4040 -7.226571
4045 -7.631253
4050 -7.226571
4055 -7.631253
4060 -6.624511
4065 -7.443982
4070 -7.631253
4075 -7.631253
4080 -6.174495
4085 -6.776555
4090 -7.631253
4095 -7.226571
4105 -6.841922
4115 -7.443982
4120 -5.338997
4125 -5.612519
4130 -5.399429
4135 -7.226571
4140 -6.776555
4145 -7.631253
4150 -6.776555
4155 -7.443982
4160 -7.631253
4165 -7.631253
4170 -5.848595
4175 -7.226571
4180 -5.335600
4185 -5.399429
4190 -5.261152
4195 -5.399429
4200 -5.403367
4205 -5.403367
4210 -5.399429
4215 -6.006389
4220 -7.226571
4225 -7.226571
4230 -6.776555
4235 -6.459467
4255 -7.443982
4260 -7.631253
4265 -7.226571
4275 -6.841922
4280 -6.233313
4290 -6.841922
4295 -6.841922
4300 -7.443982
4305 -6.239862
4310 -6.841922
4315 -6.841922
4320 -7.443982
4325 -6.841922
4330 -7.443982
4335 -6.841922
4340 -6.841922
4345 -5.731341
4350 -6.459467
4355 -5.267347
4360 -5.325566
4365 -5.335600
4370 -5.220410
4375 -6.841922
4380 -7.443982
4385 -6.841922
4390 -5.462451
4395 -6.489739
4400 -6.841922
4405 -6.489739
4410 -7.226571
4415 -7.443982
4420 -6.841922
4425 -6.841922
4430 -6.841922
4435 -5.502520
4440 -6.489739
4445 -6.841922
4450 -6.841922
4455 -6.776555
4460 -6.624511
4465 -6.841922
4470 -5.267347
4475 -5.325566
4480 -5.309340
4485 -5.325566
4490 -5.325566
4495 -5.325566
4500 -5.183126
4505 -6.489739
4510 -6.239862
4515 -6.489739
4520 -6.489739
4525 -6.489739
4530 -6.459467
4535 -6.776555
4540 -6.459467
4545 -5.764223
4550 -6.459467
4555 -6.459467
4560 -6.459467
4565 -6.776555
4570 -6.459467
4575 -7.226571
4580 -6.776555
4585 -5.253124
4590 -4.902773
4595 -5.267347
4600 -5.253124
4605 -5.287597
4610 -5.210509
4615 -5.309340
4620 -5.287597
4625 -5.325566
4630 -6.489739
