0 0.660422
5 0.615925
10 1.697892
15 2.730679
20 3.049180
25 2.964871
30 2.456674
35 2.192037
40 2.451991
45 2.423888
50 2.355972
55 2.051522
60 1.648712
65 1.583138
70 1.433255
75 1.407494
80 1.379391
85 1.388759
90 1.414520
95 1.451991
100 1.484778
105 1.454333
110 1.297424
115 1.238876
120 1.220141
125 1.199063
130 1.159251
135 1.112412
140 1.100703
145 1.107728
150 1.147541
155 1.173302
160 1.199063
165 1.196721
170 1.182670
175 1.159251
180 1.112412
185 1.098361
190 1.042155
195 1.023419
200 1.023419
205 1.021077
210 1.018735
215 1.014052
220 1.007026
225 1.007026
230 1.009368
235 1.011710
240 1.004684
245 1.002342
250 0.997658
255 0.995316
260 0.992974
265 0.990632
270 0.990632
275 0.990632
280 0.990632
285 0.990632
290 0.990632
295 0.992974
300 0.992974
305 0.990632
310 0.990632
315 0.992974
320 0.992974
325 0.992974
330 0.992974
335 0.990632
340 0.990632
345 0.990632
350 0.990632
355 0.990632
360 0.990632
365 0.990632
370 0.990632
375 0.992974
380 0.990632
385 0.992974
390 0.992974
395 0.992974
400 0.992974
405 0.992974
410 0.995316
415 0.995316
420 0.995316
425 0.992974
430 0.995316
435 0.992974
440 0.992974
445 0.992974
450 0.992974
455 0.992974
460 0.992974
465 0.992974
470 0.992974
475 0.992974
480 0.992974
485 0.992974
490 0.992974
495 0.992974
500 0.992974
505 0.990632
510 0.992974
515 0.990632
520 0.992974
525 0.990632
530 0.990632
535 0.992974
540 0.990632
545 0.992974
550 0.990632
555 0.992974
560 0.990632
565 0.990632
570 0.992974
575 0.990632
580 0.992974
585 0.990632
590 0.992974
595 0.990632
600 0.992974
605 0.992974
610 0.992974
615 0.992974
620 0.992974
625 0.992974
630 0.992974
635 0.992974
640 0.992974
645 0.992974
650 0.992974
655 0.990632
660 0.992974
665 0.990632
670 0.992974
675 0.990632
680 0.992974
685 0.990632
690 0.992974
695 0.990632
700 0.992974
705 0.992974
710 0.992974
715 0.992974
720 0.992974
725 0.992974
730 0.990632
735 0.992974
740 0.992974
745 0.992974
750 0.992974
755 0.992974
760 0.992974
765 0.992974
770 0.992974
775 0.990632
780 0.992974
785 0.992974
790 0.992974
795 0.992974
800 0.992974
805 0.992974
810 0.992974
815 0.992974
820 0.992974
825 0.992974
830 0.992974
835 0.992974
840 0.992974
845 0.992974
850 0.992974
855 0.992974
860 0.992974
865 0.992974
870 0.992974
875 0.992974
880 0.992974
885 0.992974
890 0.992974
895 0.992974
900 0.992974
905 0.992974
910 0.992974
915 0.992974
920 0.992974
925 0.992974
930 0.992974
935 0.992974
940 0.992974
945 0.992974
950 0.992974
955 0.992974
960 0.992974
965 0.992974
970 0.992974
975 0.992974
980 0.992974
985 0.992974
990 0.992974
995 0.992974
1000 0.992974
1005 0.992974
1010 0.992974
1015 0.992974
1020 0.992974
1025 0.992974
1030 0.992974
1035 0.992974
1040 0.992974
1045 0.992974
1050 0.992974
1055 0.992974
1060 0.992974
1065 0.992974
1070 0.992974
1075 0.992974
1080 0.992974
1085 0.992974
1090 0.992974
1095 0.992974
1100 0.995316
1105 0.992974
1110 0.995316
1115 0.992974
1120 0.992974
1125 0.992974
1130 0.992974
1135 0.995316
1140 0.992974
1145 0.995316
1150 0.992974
1155 0.992974
1160 0.992974
1165 0.992974
1170 0.992974
1175 0.992974
1180 0.992974
1185 0.992974
1190 0.992974
1195 0.992974
1200 0.992974
1205 0.992974
1210 0.995316
1215 0.992974
1220 0.992974
1225 0.992974
1230 0.992974
1235 0.992974
1240 0.992974
1245 0.992974
1250 0.992974
1255 0.995316
1260 0.992974
1265 0.995316
1270 0.992974
1275 0.995316
1280 0.992974
1285 0.992974
1290 0.992974
1295 0.992974
1300 0.995316
1305 0.992974
1310 0.995316
1315 0.992974
1320 0.995316
1325 0.992974
1330 0.995316
1335 0.992974
1340 0.992974
1345 0.995316
1350 0.995316
1355 0.995316
1360 0.995316
1365 0.995316
1370 0.995316
1375 0.995316
1380 0.992974
1385 0.995316
1390 0.992974
1395 0.995316
1400 0.995316
1405 0.995316
1410 0.995316
1415 0.995316
1420 0.995316
1425 0.995316
1430 0.995316
1435 0.995316
1440 0.995316
1445 0.995316
1450 0.995316
1455 0.995316
1460 0.995316
1465 0.995316
1470 0.995316
1475 0.995316
1480 0.995316
1485 0.995316
1490 0.995316
1495 0.995316
1500 0.995316
1505 0.995316
1510 0.995316
1515 0.995316
1520 0.995316
1525 0.995316
1530 0.995316
1535 0.995316
1540 0.995316
1545 0.995316
1550 0.995316
1555 0.995316
1560 0.995316
1565 0.995316
1570 0.995316
1575 0.995316
1580 0.995316
1585 0.995316
1590 0.995316
1595 0.995316
1600 0.995316
1605 0.995316
1610 0.995316
1615 0.995316
1620 0.995316
1625 0.995316
1630 0.995316
1635 0.995316
1640 0.995316
1645 0.995316
1650 0.995316
1655 0.995316
1660 0.995316
1665 0.995316
1670 0.995316
1675 0.995316
1680 0.997658
1685 0.995316
1690 0.995316
1695 0.995316
1700 0.995316
1705 0.995316
1710 0.995316
1715 0.995316
1720 0.995316
1725 0.995316
1730 0.995316
1735 0.995316
1740 0.995316
1745 0.997658
1750 0.995316
1755 0.997658
1760 0.995316
1765 0.997658
1770 0.995316
1775 0.995316
1780 0.995316
1785 0.995316
1790 0.995316
1795 0.995316
1800 0.997658
1805 0.995316
1810 0.997658
1815 0.995316
1820 0.997658
1825 0.997658
1830 0.997658
1835 0.997658
1840 0.995316
1845 0.997658
1850 0.995316
1855 0.997658
1860 0.995316
1865 0.997658
1870 0.995316
1875 0.997658
1880 0.995316
1885 0.997658
1890 0.997658
1895 0.997658
1900 0.997658
1905 0.995316
1910 0.997658
1915 0.997658
1920 0.997658
1925 0.995316
1930 0.997658
1935 0.995316
1940 0.997658
1945 0.995316
1950 0.997658
1955 0.997658
1960 0.997658
1965 0.997658
1970 0.997658
1975 0.997658
1980 0.997658
1985 0.997658
1990 0.997658
1995 0.997658
2000 0.997658
2005 0.997658
2010 0.997658
2015 0.997658
2020 0.997658
2025 0.997658
2030 0.997658
2035 0.997658
2040 0.997658
2045 0.997658
2050 0.997658
2055 0.997658
2060 0.997658
2065 0.997658
2070 0.997658
2075 0.997658
2080 0.997658
2085 0.997658
2090 0.997658
2095 0.997658
2100 0.997658
2105 0.997658
2110 0.997658
2115 0.997658
2120 0.997658
2125 0.997658
2130 0.997658
2135 0.997658
2140 0.997658
2145 0.997658
2150 0.997658
2155 0.997658
2160 0.997658
2165 0.997658
2170 0.997658
2175 0.997658
2180 0.997658
2185 0.997658
2190 1.000000
2195 0.997658
2200 0.997658
2205 0.997658
2210 0.997658
2215 0.997658
2220 0.997658
2225 0.997658
2230 0.997658
2235 1.000000
2240 0.997658
2245 1.000000
2250 0.997658
2255 1.000000
2260 0.997658
2265 0.997658
2270 0.997658
2275 0.997658
2280 1.000000
2285 0.997658
2290 1.000000
2295 0.997658
2300 1.000000
2305 0.997658
2310 1.000000
2315 0.997658
2320 1.000000
2325 0.997658
2330 0.997658
2335 0.997658
2340 0.997658
2345 0.997658
2350 0.997658
2355 1.000000
2360 0.997658
2365 1.000000
2370 0.997658
2375 1.000000
2380 0.997658
2385 1.000000
2390 0.997658
2395 0.997658
2400 1.000000
2405 0.997658
2410 1.000000
2415 0.997658
2420 1.000000
2425 0.997658
2430 1.000000
2435 0.997658
2440 1.000000
2445 0.997658
2450 1.000000
2455 1.000000
2460 1.000000
2465 1.000000
2470 1.000000
2475 1.000000
2480 1.000000
2485 1.000000
2490 0.997658
2495 1.000000
2500 0.997658
2505 1.000000
2510 0.997658
2515 1.000000
2520 1.000000
2525 0.997658
2530 1.000000
2535 1.000000
2540 1.000000
2545 1.000000
2550 1.000000
2555 1.000000
2560 1.000000
2565 0.997658
2570 1.000000
2575 1.000000
2580 1.000000
2585 1.000000
2590 1.000000
2595 1.000000
2600 1.000000
2605 1.000000
2610 1.000000
2615 1.000000
2620 1.000000
2625 1.000000
2630 0.997658
2635 1.000000
2640 1.000000
2645 1.000000
2650 1.000000
2655 1.000000
2660 1.000000
2665 1.000000
2670 1.000000
2675 1.000000
2680 1.000000
2685 1.000000
2690 1.000000
2695 1.000000
2700 1.000000
2705 1.000000
2710 1.000000
2715 1.000000
2720 1.000000
2725 1.000000
2730 1.000000
2735 1.000000
2740 1.000000
2745 1.000000
2750 1.000000
2755 1.000000
2760 1.000000
2765 1.000000
2770 1.000000
2775 1.000000
2780 1.000000
2785 1.000000
