0 0.272914
5 0.347550
10 0.267377
15 0.352471
20 0.402091
25 0.382202
30 0.360468
35 0.331146
40 0.327455
45 0.325405
50 0.327045
55 0.341808
60 0.339963
65 0.337503
70 0.394710
75 0.451712
80 0.413164
85 0.460529
90 0.486365
95 0.479598
100 0.479803
105 0.539471
110 0.628870
115 0.624769
120 0.631946
125 0.626615
130 0.646504
135 0.679311
140 0.701866
145 0.720115
150 0.733648
155 0.739799
160 0.742670
165 0.743080
170 0.742465
175 0.784704
180 0.820586
185 0.863031
190 0.874103
195 0.879844
200 0.884150
205 0.891532
210 0.898093
215 0.909165
220 0.921058
225 0.918803
230 0.924339
235 0.934796
240 0.941152
245 0.947099
250 0.947304
255 0.950994
260 0.952020
265 0.960632
270 0.968833
275 0.980316
280 0.980521
285 0.981341
290 0.984417
295 0.982366
300 0.985032
305 0.985237
310 0.984212
315 0.980521
320 0.978880
325 0.980111
330 0.983802
335 0.983186
340 0.981136
345 0.980931
350 0.980931
355 0.981751
360 0.983391
365 0.982981
370 0.981751
375 0.985032
380 0.986877
385 0.987697
390 0.989338
395 0.987492
400 0.989748
405 0.990363
410 0.991388
415 0.994259
420 0.997539
425 0.995079
430 0.996309
435 0.995899
440 0.995079
445 0.994874
450 0.992618
455 0.992823
460 0.992618
465 0.993029
470 0.994464
475 0.995899
480 0.995899
485 0.995079
490 0.995079
495 0.995489
500 0.995489
505 0.995899
510 0.995899
515 0.995899
520 0.997745
525 0.999795
530 0.999795
535 0.999385
540 0.998565
545 0.998360
550 0.997745
555 0.998360
560 0.998975
565 0.998770
570 0.998975
575 0.999385
580 1.000820
585 1.001230
590 1.001640
595 1.002461
600 1.002461
605 1.002050
610 1.002255
615 1.002255
620 1.003486
625 1.003281
630 1.002666
635 1.001845
640 1.001845
645 1.001230
650 1.001640
655 1.001435
660 1.001435
665 1.001640
670 1.001845
675 1.000820
680 1.001025
685 1.001230
690 1.001640
695 1.001025
700 1.001640
705 1.001845
710 1.002050
715 1.002255
720 1.002461
725 1.002461
730 1.002255
735 1.002050
740 1.001640
745 1.001845
750 1.002050
755 1.002255
760 1.002255
765 1.002461
770 1.002255
775 1.002050
780 1.001845
785 1.002050
790 1.001435
795 1.002050
800 1.001845
805 1.002050
810 1.003281
815 1.001845
820 1.002255
825 1.002255
830 1.002050
835 1.001435
840 1.002050
845 1.002255
850 1.002255
855 1.002255
860 1.002871
865 1.002461
870 1.002255
875 1.002461
880 1.001025
885 1.002255
890 1.002461
895 1.002255
900 1.002461
905 1.003486
910 1.002666
915 1.002461
920 1.002666
925 1.002461
930 1.002050
935 1.002255
940 1.002461
945 1.002255
950 1.003691
955 1.002871
960 1.002255
965 1.002461
970 1.003076
975 1.002050
980 1.001845
985 1.002461
990 1.002461
995 1.002461
1000 1.002255
1005 1.002255
1010 1.002461
1015 1.002461
1020 1.002255
1025 1.002255
1030 1.002461
1035 1.002461
1040 1.003691
1045 1.003691
1050 1.002255
1055 1.002255
1060 1.002461
1065 1.002666
1070 1.001845
1075 1.002461
1080 1.002666
1085 1.002666
1090 1.004101
1095 1.002461
1100 1.002666
1105 1.002461
1110 1.002461
1115 1.001845
1120 1.002050
1125 1.002461
1130 1.002461
1135 1.002255
1140 1.002461
1145 1.002255
1150 1.002666
1155 1.002666
1160 1.002255
1165 1.002666
1170 1.002666
1175 1.002255
1180 1.002461
1185 1.003076
1190 1.002666
1195 1.002461
1200 1.002461
1205 1.002461
1210 1.001845
1215 1.002255
1220 1.002255
1225 1.002050
1230 1.003281
1235 1.002666
1240 1.002461
1245 1.002461
1250 1.002461
1255 1.001435
1260 1.002666
1265 1.002255
1270 1.002050
1275 1.003486
1280 1.002050
1285 1.002461
1290 1.002255
1295 1.002461
1300 1.001640
1305 1.002461
1310 1.002050
1315 1.002255
1320 1.002255
1325 1.002666
1330 1.002255
1335 1.002050
1340 1.002050
1345 1.001230
1350 1.001845
1355 1.001845
1360 1.001845
1365 1.001845
1370 1.002871
1375 1.001435
1380 1.001640
1385 1.001845
1390 1.001845
1395 1.001435
1400 1.002050
1405 1.002050
1410 1.002050
1415 1.003691
1420 1.002461
1425 1.002050
1430 1.002050
1435 1.001845
1440 1.000410
1445 1.001640
1450 1.001640
1455 1.001640
1460 1.001640
1465 1.002050
1470 1.001640
1475 1.001640
1480 1.001435
1485 1.001640
1490 1.001640
1495 1.001640
1500 1.001230
1505 1.001640
1510 1.001640
1515 1.002050
1520 1.001845
1525 1.001435
1530 1.001845
1535 1.000615
1540 1.001435
1545 1.001845
1550 1.001640
1555 1.001640
1560 1.002666
1565 1.001230
1570 1.001640
1575 1.001435
1580 1.001640
1585 1.000000
1590 1.001845
1595 1.004511
1600 1.004511
1605 1.004306
1610 1.004716
1615 1.004716
1620 1.004511
1625 1.004306
1630 1.004306
1635 1.003896
1640 1.004306
1645 1.004511
1650 1.004101
1655 1.004101
1660 1.004921
1665 1.003281
1670 1.004306
1675 1.004306
1680 1.004101
1685 1.003896
1690 1.004101
1695 1.004101
1700 1.004101
1705 1.004511
1710 1.004511
1715 1.004101
1720 1.004306
1725 1.004101
1730 1.002666
1735 1.004101
1740 1.004101
1745 1.003896
1750 1.004101
1755 1.005126
1760 1.003691
1765 1.003691
1770 1.003896
1775 1.004306
1780 1.002666
1785 1.003281
1790 1.003691
1795 1.004101
1800 1.004101
1805 1.003896
1810 1.003691
1815 1.003896
1820 1.003896
1825 1.003691
1830 1.003486
1835 1.003691
1840 1.003691
1845 1.004101
1850 1.003896
1855 1.004306
1860 1.003896
1865 1.003486
1870 1.003691
1875 1.003691
1880 1.003076
1885 1.003691
1890 1.003896
1895 1.003691
1900 1.003896
1905 1.003486
1910 1.003691
1915 1.003486
1920 1.003486
1925 1.003486
1930 1.003486
1935 1.003486
1940 1.003486
1945 1.003486
1950 1.004511
1955 1.003896
1960 1.003486
1965 1.003691
1970 1.003486
1975 1.002050
1980 1.003076
1985 1.003281
1990 1.003486
1995 1.003076
2000 1.004716
2005 1.003896
2010 1.003486
2015 1.003281
2020 1.003281
2025 1.002255
2030 1.003076
2035 1.003281
2040 1.003486
2045 1.003281
2050 1.003281
2055 1.003281
2060 1.003281
2065 1.003281
2070 1.003076
2075 1.003076
2080 1.003281
2085 1.003076
2090 1.003281
2095 1.004511
2100 1.003486
2105 1.003486
2110 1.003281
2115 1.003486
2120 1.002050
2125 1.003691
2130 1.003076
2135 1.002871
2140 1.003076
2145 1.003281
2150 1.002871
2155 1.002871
2160 1.002871
2165 1.002666
2170 1.002461
2175 1.002666
2180 1.002871
2185 1.003076
2190 1.004101
2195 1.003076
2200 1.002666
2205 1.002871
2210 1.002871
2215 1.002666
2220 1.002666
2225 1.002666
2230 1.002461
2235 1.002666
2240 1.003281
2245 1.003896
2250 1.002871
2255 1.002461
2260 1.002871
2265 1.002255
2270 1.002461
2275 1.002666
2280 1.002871
2285 1.004101
2290 1.002871
2295 1.002666
2300 1.002871
2305 1.002461
2310 1.002050
2315 1.002666
2320 1.002666
2325 1.002666
2330 1.002666
2335 1.003076
2340 1.002871
2345 1.002666
2350 1.002666
2355 1.001025
2360 1.002666
2365 1.002666
2370 1.002666
2375 1.002461
2380 1.002871
2385 1.002666
2390 1.002461
2395 1.002666
2400 1.002461
2405 1.002255
2410 1.002461
2415 1.002255
2420 1.002461
2425 1.002255
2430 1.002461
2435 1.003076
2440 1.002050
2445 1.002050
2450 1.001025
2455 1.001845
2460 1.002255
2465 1.002255
2470 1.002255
2475 1.002666
2480 1.002050
2485 1.002255
2490 1.002255
2495 1.001845
2500 1.002461
2505 1.002461
2510 1.002050
2515 1.002050
2520 1.002255
2525 1.002050
2530 1.001025
2535 1.002050
2540 1.002255
2545 1.001230
2550 1.001435
2555 1.002461
2560 1.001845
2565 1.003486
2570 1.002050
2575 1.001640
2580 1.001640
2585 1.001845
2590 1.000615
2595 1.001230
2600 1.001640
2605 1.001845
2610 1.001435
2615 1.001845
2620 1.001640
2625 1.001640
2630 1.001845
2635 1.002050
2640 1.001640
2645 1.001640
2650 1.001640
2655 1.002050
2660 1.002255
2665 1.001640
2670 1.001435
2675 1.001640
2680 1.001640
2685 1.000820
2690 1.000000
2695 1.000615
2700 1.000820
2705 1.001640
2710 1.001025
2715 1.001025
2720 1.000820
2725 1.000000
2730 0.999385
2735 1.000410
2740 1.000615
2745 1.000615
2750 1.000410
2755 1.000205
2760 1.001025
2765 1.000615
2770 1.000410
2775 0.999180
2780 1.000000
2785 1.000205
2790 1.000205
2795 1.000820
2800 1.000410
2805 1.000410
2810 1.000205
2815 1.000205
2820 1.000615
2825 0.999590
2830 1.000615
2835 1.000205
2840 1.000205
2845 1.002050
2850 1.000410
2855 1.000000
2860 0.999795
2865 1.000000
2870 0.999590
2875 1.000000
2880 1.000410
2885 1.000410
2890 1.000000
2895 1.000615
2900 1.000410
2905 1.000205
2910 1.000000
2915 1.000205
2920 0.999795
2925 0.999795
2930 0.999795
2935 1.000615
2940 1.000205
2945 1.000410
2950 1.000205
2955 1.000205
2960 1.000205
2965 0.999795
2970 1.000000
2975 1.003076
2980 1.003281
2985 1.003076
2990 1.004101
2995 1.002666
3000 1.003076
3005 1.003486
3010 1.003281
3015 1.002050
3020 1.002666
3025 1.002871
3030 1.002461
3035 1.002871
3040 1.003691
3045 1.002871
3050 1.002666
3055 1.002871
3060 1.002666
3065 1.003076
3070 1.002871
3075 1.002871
3080 1.002666
3085 1.004101
3090 1.003076
3095 1.002871
3100 1.002050
3105 1.002666
3110 1.001640
3115 1.003076
3120 1.003076
3125 1.002666
3130 1.002461
3135 1.003486
3140 1.003076
3145 1.002666
3150 1.002871
3155 1.001845
3160 1.001845
3165 1.002050
3170 1.002666
3175 1.002461
3180 1.001640
3185 1.002871
3190 1.002461
3195 1.002255
3200 1.002461
3205 1.002255
3210 1.001435
3215 1.002255
3220 1.002255
3225 1.002461
3230 1.002255
3235 1.002050
3240 1.002666
3245 1.001845
3250 1.001025
3255 1.001845
3260 1.002461
3265 1.002050
3270 1.002050
3275 1.002255
3280 1.002461
3285 1.002461
3290 1.002255
3295 1.002255
3300 1.002255
3305 1.000410
3310 1.002255
3315 1.002050
3320 1.002050
3325 1.002255
3330 1.003486
3335 1.002050
3340 1.001435
3345 1.001845
3350 1.002255
3355 1.000410
3360 1.001640
3365 1.001845
3370 1.001845
3375 1.001845
3380 1.003076
3385 1.001640
3390 1.002050
3395 1.001845
3400 1.001845
3405 1.000615
3410 1.001435
3415 1.001435
3420 1.001845
3425 1.001640
3430 1.002255
3435 1.002255
3440 1.001845
3445 1.001640
3450 1.001845
3455 1.001435
3460 1.001845
3465 1.001640
3470 1.002050
3475 1.001845
3480 1.001435
3485 1.001640
3490 1.001025
3495 1.001435
3500 1.001435
3505 1.001230
3510 1.001845
3515 1.001435
3520 1.001435
3525 1.001640
3530 1.001640
3535 1.001435
3540 1.001640
3545 1.001435
3550 1.000000
3555 1.001640
3560 1.001845
3565 1.002050
3570 1.001640
3575 1.002666
3580 1.001845
3585 1.001435
3590 1.002050
3595 1.001230
3600 1.001025
3605 1.001025
3610 1.001435
3615 1.001230
3620 1.001230
3625 1.001845
3630 1.001435
3635 1.001640
3640 1.001230
3645 0.999795
3650 1.000615
3655 1.001025
3660 1.001640
3665 1.001230
3670 1.002666
3675 1.001025
3680 1.001230
3685 1.001230
3690 1.000410
3695 1.000410
3700 1.002255
3705 1.001640
3710 1.001640
3715 1.001435
3720 1.001025
3725 1.001230
3730 1.001640
3735 1.001230
3740 1.000410
3745 1.001230
3750 1.001435
3755 1.001435
3760 1.001230
3765 1.001640
3770 1.001435
3775 1.001230
3780 1.001640
3785 1.001230
3790 1.000820
3795 1.001230
3800 1.001230
3805 1.001025
3810 1.001230
3815 1.001640
3820 1.000615
3825 1.001640
3830 1.001230
3835 1.001230
3840 1.000000
