0 0.079692
5 0.141388
10 0.529563
15 0.997429
20 1.125964
25 1.249357
30 1.365039
35 1.434447
40 1.411311
45 1.403599
50 1.367609
55 1.339332
60 1.285347
65 1.246787
70 1.195373
75 1.159383
80 1.095116
85 1.033419
90 0.974293
95 0.930591
100 0.881748
105 0.853470
110 0.832905
115 0.812339
120 0.768638
125 0.784062
130 0.771208
135 0.771208
140 0.778920
145 0.781491
150 0.763496
155 0.753213
160 0.737789
165 0.717224
170 0.709512
175 0.709512
180 0.709512
185 0.704370
190 0.691517
195 0.683805
200 0.665810
205 0.642674
210 0.622108
215 0.606684
220 0.604113
225 0.619537
230 0.634961
235 0.647815
240 0.673522
245 0.683805
250 0.686375
255 0.681234
260 0.660668
265 0.652956
270 0.640103
275 0.652956
280 0.665810
285 0.658098
290 0.670951
295 0.676093
300 0.681234
305 0.676093
310 0.670951
315 0.668380
320 0.660668
325 0.665810
330 0.668380
335 0.696658
340 0.699229
345 0.712082
350 0.719794
355 0.724936
360 0.724936
365 0.722365
370 0.727506
375 0.724936
380 0.722365
385 0.724936
390 0.730077
395 0.732648
400 0.740360
405 0.745501
410 0.740360
415 0.742931
420 0.742931
425 0.742931
430 0.742931
435 0.742931
440 0.745501
445 0.748072
450 0.755784
455 0.760925
460 0.768638
465 0.773779
470 0.776350
475 0.776350
480 0.776350
485 0.776350
490 0.776350
495 0.778920
500 0.781491
505 0.786632
510 0.789203
515 0.791774
520 0.786632
525 0.789203
530 0.791774
535 0.791774
540 0.791774
545 0.794344
550 0.804627
555 0.804627
560 0.807198
565 0.807198
570 0.809769
575 0.812339
580 0.817481
585 0.817481
590 0.820051
595 0.822622
600 0.822622
605 0.825193
610 0.825193
615 0.827763
620 0.827763
625 0.832905
630 0.835476
635 0.838046
640 0.838046
645 0.840617
650 0.853470
655 0.856041
660 0.858612
665 0.858612
670 0.861183
675 0.861183
680 0.863753
685 0.863753
690 0.863753
695 0.868895
700 0.868895
705 0.871465
710 0.874036
715 0.876607
720 0.876607
725 0.879177
730 0.881748
735 0.886889
740 0.886889
745 0.889460
750 0.892031
755 0.894602
760 0.897172
765 0.897172
770 0.899743
775 0.899743
780 0.899743
785 0.899743
790 0.899743
795 0.899743
800 0.899743
805 0.902314
810 0.894602
815 0.897172
820 0.897172
825 0.902314
830 0.904884
835 0.904884
840 0.907455
845 0.907455
850 0.910026
855 0.910026
860 0.910026
865 0.920308
870 0.920308
875 0.922879
880 0.915167
885 0.915167
890 0.915167
895 0.915167
900 0.915167
905 0.917738
910 0.917738
915 0.917738
920 0.917738
925 0.917738
930 0.920308
935 0.920308
940 0.920308
945 0.922879
950 0.925450
955 0.925450
960 0.928021
965 0.928021
970 0.928021
975 0.928021
980 0.935733
985 0.938303
990 0.938303
995 0.938303
1000 0.938303
1005 0.940874
1010 0.943445
1015 0.946015
1020 0.943445
1025 0.943445
1030 0.943445
1035 0.943445
1040 0.943445
1045 0.933162
1050 0.933162
1055 0.933162
1060 0.935733
1065 0.933162
1070 0.935733
1075 0.935733
1080 0.938303
1085 0.938303
1090 0.938303
1095 0.940874
1100 0.940874
1105 0.940874
1110 0.940874
1115 0.943445
1120 0.943445
1125 0.946015
1130 0.946015
1135 0.946015
1140 0.946015
1145 0.946015
1150 0.956298
1155 0.956298
1160 0.958869
1165 0.958869
1170 0.958869
1175 0.958869
1180 0.961440
1185 0.961440
1190 0.961440
1195 0.961440
1200 0.961440
1205 0.961440
1210 0.961440
1215 0.961440
1220 0.961440
1225 0.964010
1230 0.964010
1235 0.966581
1240 0.966581
1245 0.966581
1250 0.966581
1255 0.966581
1260 0.966581
1265 0.966581
1270 0.966581
1275 0.966581
1280 0.966581
1285 0.966581
1290 0.969152
1295 0.969152
1300 0.969152
1305 0.961440
1310 0.961440
1315 0.961440
1320 0.961440
1325 0.961440
1330 0.961440
1335 0.961440
1340 0.961440
1345 0.964010
1350 0.961440
1355 0.964010
1360 0.964010
1365 0.964010
1370 0.966581
1375 0.966581
1380 0.966581
1385 0.966581
1390 0.966581
1395 0.966581
1400 0.966581
1405 0.966581
1410 0.966581
1415 0.966581
1420 0.969152
1425 0.979434
1430 0.979434
1435 0.982005
1440 0.982005
1445 0.982005
1450 0.982005
1455 0.982005
1460 0.979434
1465 0.982005
1470 0.982005
1475 0.982005
1480 0.982005
1485 0.984576
1490 0.984576
1495 0.974293
1500 0.974293
1505 0.974293
1510 0.974293
1515 0.974293
1520 0.974293
1525 0.974293
1530 0.974293
1535 0.974293
1540 0.984576
1545 0.984576
1550 0.984576
1555 0.984576
1560 0.984576
1565 0.984576
1570 0.984576
1575 0.987147
1580 0.984576
1585 0.987147
1590 0.984576
1595 0.987147
1600 0.987147
1605 0.987147
1610 0.987147
1615 0.987147
1620 0.987147
1625 0.987147
1630 0.987147
1635 0.987147
1640 0.987147
1645 0.987147
1650 0.987147
1655 0.987147
1660 0.989717
1665 0.987147
1670 0.987147
1675 0.979434
1680 0.979434
1685 0.979434
1690 0.979434
1695 0.979434
1700 0.979434
1705 0.979434
1710 0.979434
1715 0.979434
1720 0.979434
1725 0.979434
1730 0.979434
1735 0.979434
1740 0.989717
1745 0.989717
1750 0.989717
1755 0.989717
1760 0.989717
1765 0.989717
1770 0.989717
1775 0.989717
1780 0.989717
1785 0.989717
1790 0.989717
1795 0.989717
1800 0.989717
1805 0.989717
1810 0.989717
1815 0.992288
1820 0.989717
1825 0.992288
1830 0.989717
1835 0.992288
1840 0.989717
1845 0.992288
1850 0.989717
1855 0.992288
1860 0.992288
1865 0.992288
1870 0.992288
1875 0.992288
1880 0.992288
1885 0.992288
1890 0.982005
1895 0.982005
1900 0.982005
1905 0.982005
1910 0.982005
1915 0.982005
1920 0.982005
1925 0.992288
1930 0.992288
1935 0.992288
1940 0.992288
1945 0.992288
1950 0.992288
1955 0.994859
1960 0.992288
1965 0.994859
1970 0.994859
1975 0.994859
1980 0.994859
1985 0.994859
1990 0.994859
1995 0.994859
2000 0.994859
2005 0.994859
2010 0.994859
2015 0.994859
2020 0.994859
2025 0.987147
2030 0.987147
2035 0.987147
2040 0.997429
2045 0.997429
2050 0.997429
2055 0.997429
2060 0.997429
2065 0.997429
2070 0.994859
2075 0.997429
2080 0.997429
2085 0.997429
2090 0.997429
2095 0.997429
2100 0.997429
2105 0.997429
2110 0.997429
2115 0.997429
2120 0.997429
2125 0.997429
2130 0.997429
2135 0.997429
2140 0.997429
2145 0.997429
2150 0.997429
2155 0.997429
2160 0.997429
2165 0.997429
2170 0.997429
2175 0.997429
2180 1.000000
2185 0.997429
2190 1.000000
2195 1.000000
2200 0.997429
2205 1.000000
2210 0.997429
2215 1.000000
2220 1.000000
2225 1.000000
2230 1.000000
2235 1.000000
2240 1.000000
2245 0.989717
2250 0.989717
2255 0.989717
2260 0.989717
2265 0.989717
2270 0.989717
2275 0.989717
2280 0.989717
2285 0.989717
2290 0.989717
2295 1.000000
2300 1.000000
2305 1.000000
2310 1.000000
2315 1.000000
2320 1.000000
2325 1.000000
2330 1.000000
2335 1.000000
2340 1.000000
2345 1.000000
2350 1.000000
2355 1.000000
2360 1.000000
2365 1.000000
2370 1.000000
2375 1.000000
2380 1.000000
2385 1.000000
2390 1.000000
2395 1.000000
2400 1.000000
2405 1.000000
