0 -0.054285
5 -0.075762
10 -0.124961
15 -0.260361
20 -0.710470
25 -1.054605
30 -1.233870
35 -1.184344
40 -1.053900
45 -0.947842
50 -0.806538
55 -0.787217
60 -0.869595
65 -1.227526
70 -0.989476
75 -0.836676
80 -0.851949
85 -0.961317
90 -0.896155
95 -0.829911
100 -0.801009
105 -0.755922
110 -0.703957
115 -0.672198
120 -0.795499
125 -0.851558
130 -0.822365
135 -0.789125
140 -0.816252
145 -0.834611
150 -0.900293
155 -0.905761
160 -0.869438
165 -0.850408
170 -0.867246
175 -0.869474
180 -0.927866
185 -0.937797
190 -0.923922
195 -0.930019
200 -0.900725
205 -0.900636
210 -0.894033
215 -0.864207
220 -0.879200
225 -0.931415
230 -0.938070
235 -0.984291
240 -1.028576
245 -1.038939
250 -1.106421
255 -1.112893
260 -1.098222
265 -1.048047
270 -1.030731
275 -1.032634
280 -1.094121
285 -1.101907
290 -1.181845
295 -1.165899
300 -1.180934
305 -1.206299
310 -1.246742
315 -1.255393
320 -1.252035
325 -1.254431
330 -1.301649
335 -1.295346
340 -1.308517
345 -1.273218
350 -1.253182
355 -1.239867
360 -1.281427
365 -1.319000
370 -1.351149
375 -1.402485
380 -1.410144
385 -1.424070
390 -1.452840
395 -1.493316
400 -1.607167
405 -1.714329
410 -1.791534
415 -1.804450
420 -1.800572
425 -1.807115
430 -1.803856
435 -1.793525
440 -1.782045
445 -1.769511
450 -1.800675
455 -1.790497
460 -1.779939
465 -1.793885
470 -1.908766
475 -1.961876
480 -1.932203
485 -1.934178
490 -1.945902
495 -1.945902
500 -1.945902
505 -1.935742
510 -1.934178
515 -1.944504
520 -1.953217
525 -1.953217
530 -2.038472
535 -2.071519
540 -2.082949
545 -2.094031
550 -2.082949
555 -2.082308
560 -2.048747
565 -2.058979
570 -2.058979
575 -2.058979
580 -2.082308
585 -2.129357
590 -2.153494
595 -2.176553
600 -2.238241
605 -2.223298
610 -2.223298
615 -2.238241
620 -2.226237
625 -2.214178
630 -2.214178
635 -2.228375
640 -2.228375
645 -2.253261
650 -2.255493
655 -2.255493
660 -2.256859
665 -2.256859
670 -2.284895
675 -2.271120
680 -2.299617
685 -2.313867
690 -2.313867
695 -2.343838
700 -2.343838
705 -2.358590
710 -2.343838
715 -2.374880
720 -2.359574
725 -2.374880
730 -2.374880
735 -2.405448
740 -2.422959
745 -2.454616
750 -2.470331
755 -2.470331
760 -2.538513
765 -2.554334
770 -2.569896
775 -2.554334
780 -2.577286
785 -2.577286
790 -2.577286
795 -2.577286
800 -2.560622
805 -2.600502
810 -2.600502
815 -2.634913
820 -2.678123
825 -2.695498
830 -2.695498
835 -2.695498
840 -2.695498
845 -2.695498
850 -2.723537
855 -2.695498
860 -2.723537
865 -2.741597
870 -2.775989
875 -2.759114
880 -2.759114
885 -2.759114
890 -2.759114
895 -2.790173
900 -2.759114
905 -2.790173
910 -2.790173
915 -2.808325
920 -2.808325
925 -2.808325
930 -2.808325
935 -2.808325
940 -2.860303
945 -2.825723
950 -2.842241
955 -2.860303
960 -2.878218
965 -2.860303
970 -2.878218
975 -2.878218
980 -2.878218
985 -2.878218
990 -2.860303
995 -2.895867
1000 -2.895867
1005 -2.895867
1010 -2.895867
1015 -2.915346
1020 -2.953653
1025 -2.915346
1030 -2.953653
1035 -2.915346
1040 -2.953653
1045 -2.953653
1050 -2.973801
1055 -2.973801
1060 -2.973801
1065 -3.015271
1070 -3.036061
1075 -3.036061
1080 -3.036061
1085 -3.036061
1090 -3.036061
1095 -3.081211
1100 -3.036061
1105 -3.081211
1110 -3.081211
1115 -3.081211
1120 -3.081211
1125 -3.081211
1130 -3.081211
1135 -3.081211
1140 -3.081211
1145 -3.102576
1150 -3.152045
1155 -3.102576
1160 -3.102576
1165 -3.152045
1170 -3.152045
1175 -3.152045
1180 -3.128171
1185 -3.152045
1190 -3.152045
1195 -3.173853
1200 -3.173853
1205 -3.228439
1210 -3.228439
1215 -3.228439
1220 -3.228439
1225 -3.228439
1230 -3.228439
1235 -3.228439
1240 -3.228439
1245 -3.228439
1250 -3.311153
1255 -3.285938
1260 -3.311153
1265 -3.311153
1270 -3.350658
1275 -3.332931
1280 -3.350658
1285 -3.332931
1290 -3.332931
1295 -3.332931
1300 -3.332931
1305 -3.332931
1310 -3.332931
1315 -3.350658
1320 -3.363778
1325 -3.363778
1330 -3.421835
1335 -3.421835
1340 -3.421835
1345 -3.401026
1350 -3.421835
1355 -3.421835
1360 -3.421835
1365 -3.421835
1370 -3.421835
1375 -3.421835
1380 -3.421835
1385 -3.498903
1390 -3.437334
1395 -3.517477
1400 -3.517477
1405 -3.498903
1410 -3.498903
1415 -3.498903
1420 -3.498903
1425 -3.582808
1430 -3.498903
1435 -3.605445
1440 -3.582808
1445 -3.605445
1450 -3.605445
1455 -3.582808
1460 -3.582808
1465 -3.582808
1470 -3.582808
1475 -3.582808
1480 -3.605445
1485 -3.605445
1490 -3.605445
1495 -3.605445
1500 -3.605445
1505 -3.605445
1510 -3.605445
1515 -3.720648
1520 -3.624445
1525 -3.720648
1530 -3.720648
1535 -3.726750
1540 -3.726750
1545 -3.726750
1550 -3.726750
1555 -3.726750
1560 -3.726750
1565 -3.720648
1570 -3.720648
1575 -3.720648
1580 -3.834781
1585 -3.720648
1590 -3.834781
1595 -3.842734
1600 -3.842734
1605 -3.842734
1610 -3.842734
1615 -3.842734
1620 -3.842734
1625 -3.842734
1630 -3.834781
1635 -3.834781
1640 -3.842734
1645 -3.842734
1650 -3.834781
1655 -3.842734
1660 -3.842734
1665 -3.842734
1670 -3.842734
1675 -3.842734
1680 -3.834781
1685 -3.976628
1690 -3.976628
1695 -3.842734
1700 -3.976628
1705 -3.842734
1710 -3.965838
1715 -3.976628
1720 -3.976628
1725 -3.976628
1730 -3.976628
1735 -3.976628
1740 -3.976628
1745 -3.976628
1750 -3.976628
1755 -5.532930
1760 -5.532930
1765 -5.532930
1770 -5.532930
1775 -5.532930
1780 -5.532930
1785 -5.532930
1790 -5.532930
1795 -5.252906
1800 -5.252906
1805 -5.252906
1810 -5.252906
1815 -5.252906
1820 -5.252906
1825 -5.252906
1830 -5.252906
1835 -5.252906
1840 -4.868075
1845 -5.252906
1850 -5.252906
1855 -5.252906
1860 -4.868075
1865 -4.868075
1870 -4.868075
1875 -4.868075
1880 -4.868075
1885 -4.868075
1890 -5.252906
1895 -5.576009
1900 -5.532930
1905 -5.576009
1910 -5.252906
1915 -4.973949
1920 -4.973949
1925 -4.973949
1930 -4.973949
1935 -4.973949
1940 -4.973949
1945 -4.973949
1950 -4.973949
1955 -5.576009
1960 -5.576009
1965 -5.576009
1970 -5.576009
1975 -5.576009
1980 -5.576009
1985 -5.576009
1990 -5.576009
