0 0.000000
5 0.000554
10 0.001108
15 0.001108
20 0.001108
25 0.001108
30 0.001108
35 0.001108
40 0.001108
45 0.001108
50 0.001108
55 0.001108
60 0.001108
65 0.001108
70 0.001108
75 0.001108
80 0.001108
85 0.001108
90 -0.000664
95 -0.001108
100 -0.001108
105 0.001108
110 0.001662
115 0.002103
120 -0.025466
125 -0.074362
130 -0.218560
135 -0.198013
140 -0.741004
145 -2.073940
150 0.436579
155 0.799701
160 0.778935
165 0.679971
170 0.535140
175 0.462639
180 0.292995
185 0.224271
190 0.492836
195 0.612149
200 0.549752
205 0.482875
210 0.349706
215 0.223277
220 0.090127
225 -0.003493
230 0.291804
235 0.508303
240 0.555244
245 0.445495
250 0.377922
255 0.277903
260 0.073918
265 -0.075510
270 -0.077978
275 0.003539
280 0.079006
285 -0.069930
290 -0.250077
295 -0.267914
300 -0.396975
305 -0.431048
310 -0.297409
315 -0.155739
320 0.012332
325 -0.157751
330 -0.265405
335 -0.459070
340 -0.595329
345 -0.706482
350 -0.736539
355 -0.660057
360 -0.478324
365 -0.309201
370 -0.438457
375 -0.600981
380 -0.720708
385 -0.784758
390 -0.938143
395 -0.992813
400 -0.989790
405 -0.966948
410 -0.822920
415 -0.905170
420 -1.035593
425 -1.071013
430 -1.150527
435 -1.179630
440 -1.200478
445 -1.218364
450 -1.232330
455 -1.172117
460 -1.112107
465 -1.198772
470 -1.260722
475 -1.248993
480 -1.248397
485 -1.249243
490 -1.254911
495 -1.275623
500 -1.295313
505 -1.257377
510 -1.277367
515 -1.276989
520 -1.290690
525 -1.291029
530 -1.290786
535 -1.289957
540 -1.290275
545 -1.306760
550 -1.309384
555 -1.313644
560 -1.330569
565 -1.332319
570 -1.332166
575 -1.307498
580 -1.278601
585 -1.269125
590 -1.273918
595 -1.293742
600 -1.324080
605 -1.326234
610 -1.337084
615 -1.333204
620 -1.328006
625 -1.321799
630 -1.305575
635 -1.303678
640 -1.306903
645 -1.326469
650 -1.310867
655 -1.293671
660 -1.297192
665 -1.300596
670 -1.313372
675 -1.336833
680 -1.367291
685 -1.371036
690 -1.397697
695 -1.404385
700 -1.433443
705 -1.447744
710 -1.418829
715 -1.378322
720 -1.361810
725 -1.359450
730 -1.362404
735 -1.368636
740 -1.387578
745 -1.400047
750 -1.406040
755 -1.423041
760 -1.426674
765 -1.430307
770 -1.434351
775 -1.450287
780 -1.446172
785 -1.423683
790 -1.415269
795 -1.384200
800 -1.380392
805 -1.389303
810 -1.408736
815 -1.421039
820 -1.433081
825 -1.437131
830 -1.449395
835 -1.460863
840 -1.481410
845 -1.489971
850 -1.498615
855 -1.499164
860 -1.469733
865 -1.453521
870 -1.433516
875 -1.416631
880 -1.412675
885 -1.416188
890 -1.444828
895 -1.448931
900 -1.461831
905 -1.466942
910 -1.480544
915 -1.493457
920 -1.527835
925 -1.501224
930 -1.443297
935 -1.435514
940 -1.431088
945 -1.434751
950 -1.471604
955 -1.475842
960 -1.501705
965 -1.541974
970 -1.579372
975 -1.599263
980 -1.606349
985 -1.615749
990 -1.620194
995 -1.614044
1000 -1.598679
1005 -1.569874
1010 -1.560476
1015 -1.556343
1020 -1.551177
1025 -1.542983
1030 -1.538407
1035 -1.547583
1040 -1.556343
1045 -1.574611
1050 -1.588973
1055 -1.589544
1060 -1.600379
1065 -1.614630
1070 -1.629681
1075 -1.650155
1080 -1.614044
1085 -1.604736
1090 -1.590098
1095 -1.585272
1100 -1.566227
1105 -1.566736
1110 -1.573356
1115 -1.577678
1120 -1.596528
1125 -1.605829
1130 -1.630270
1135 -1.635351
1140 -1.660572
1145 -1.660572
1150 -1.639859
1155 -1.644992
1160 -1.644992
1165 -1.634756
1170 -1.629681
1175 -1.624036
1180 -1.624036
1185 -1.629075
1190 -1.665167
1195 -1.670444
1200 -1.665167
1205 -1.661203
1210 -1.672386
1215 -1.684886
1220 -1.684306
1225 -1.705528
1230 -1.710407
1235 -1.720873
1240 -1.743603
1245 -1.743603
1250 -1.737866
1255 -1.722255
1260 -1.733583
1265 -1.764639
1270 -1.789968
1275 -1.805201
1280 -1.794635
1285 -1.788492
1290 -1.805201
1295 -1.841536
1300 -1.846635
1305 -1.795424
1310 -1.771231
1315 -1.765284
1320 -1.783245
1325 -1.814707
1330 -1.826627
1335 -1.833001
1340 -1.839422
1345 -1.870559
1350 -1.939777
1355 -1.975366
1360 -1.976500
1365 -1.969034
1370 -1.961630
1375 -1.933598
1380 -1.878952
1385 -1.866359
1390 -1.852404
1395 -1.858967
1400 -1.891665
1405 -1.919400
1410 -1.927407
1415 -1.618670
1420 -1.908784
1425 -1.922057
1430 -1.929171
1435 -1.929171
1440 -1.920322
1445 -1.892529
1450 -1.892529
1455 -1.892529
1460 -1.885715
1465 -1.872240
1470 -1.893360
1475 -1.941750
1480 -1.973096
1485 -1.988233
1490 -1.988233
1495 -1.974010
1500 -1.959096
1505 -1.937183
1510 -1.943573
1515 -1.950862
1520 -1.965622
1525 -1.995899
1530 -2.020318
1535 -2.027240
1540 -2.004613
1545 -1.982452
1550 -1.983300
1555 -1.990085
1560 -1.996863
1565 -1.996863
1570 -1.996863
1575 -1.997784
1580 -2.013386
1585 -2.053632
1590 -2.061905
1595 -2.070255
1600 -2.088273
1605 -2.140028
1610 -2.217154
1615 -2.257662
1620 -2.266449
1625 -2.247362
1630 -2.235660
1635 -2.227111
1640 -2.245807
1645 -2.197565
1650 -2.197565
1655 -2.238626
1660 -2.346438
1665 -2.455854
1670 -2.490933
1675 -2.469168
1680 -2.459645
1685 -2.446510
1690 -2.430084
1695 -2.367344
1700 -2.341362
1705 -2.329961
1710 -2.317340
1715 -2.317340
1720 -2.339926
1725 -2.386887
1730 -2.374913
1735 -2.386887
1740 -2.399023
1745 -2.413020
1750 -2.427173
1755 -2.441482
1760 -2.496217
1765 -2.580707
1770 -2.624702
1775 -2.640622
1780 -2.622137
1785 -2.622137
1790 -2.637962
1795 -2.635122
1800 -2.606583
1805 -2.576253
1810 -2.571038
1815 -2.582692
1820 -2.624702
1825 -2.707256
1830 -2.739135
1835 -2.779147
1840 -2.832839
1845 -2.893917
1850 -2.920235
1855 -2.970024
1860 -2.998544
1865 -3.041936
1870 -3.060619
1875 -3.029176
1880 -2.893917
1885 -2.852762
1890 -2.852762
1895 -2.852762
1900 -2.852762
1905 -2.942246
1910 -2.947223
1915 -3.035754
1920 -3.060619
1925 -3.078752
1930 -3.086133
1935 -3.011510
1940 -3.005286
1945 -2.964780
1950 -2.936934
1955 -2.942246
1960 -2.898726
1965 -2.877698
1970 -2.877698
1975 -2.915184
1980 -2.942246
1985 -2.903226
1990 -2.903226
1995 -2.865015
2000 -2.881985
2005 -2.903226
2010 -2.903226
2015 -2.881985
2020 -2.861221
2025 -2.903226
2030 -2.924964
2035 -2.947223
2040 -2.947223
2045 -2.924964
2050 -2.929362
2055 -2.979409
2060 -3.047701
2065 -3.154437
2070 -3.220430
2075 -3.259176
2080 -3.291813
2085 -3.386371
2090 -3.461273
2095 -3.461273
2100 -3.410743
2105 -3.386371
2110 -3.423144
2115 -3.461273
2120 -3.500830
2125 -3.525659
2130 -3.541887
2135 -3.566644
2140 -3.982452
2145 -3.987778
2150 -4.034896
2155 -4.086029
2160 -4.145970
2165 -4.203397
2170 -4.204075
2175 -4.186572
2180 -4.204075
2185 -4.145970
2190 -4.145970
2195 -4.145970
2200 -4.145970
2205 -4.025804
2210 -3.928294
2215 -3.852018
2220 -3.771599
2225 -3.822490
2230 -3.874818
2235 -3.928294
2240 -4.025804
2245 -4.025804
2250 -4.204075
2255 -4.305473
2260 -4.541150
2265 -4.805457
2270 -4.920576
2275 -5.100212
2280 -4.936152
2285 -4.691722
2290 -4.498152
2295 -4.338691
2300 -4.338691
2305 -4.338691
2310 -4.203397
2315 -4.318516
2320 -4.408059
2325 -4.691722
2330 -4.885542
2335 -4.727180
2340 -4.657655
2345 -4.657655
2350 -4.579654
2355 -4.541150
2360 -4.579654
2365 -4.657655
2370 -4.579654
2375 -4.541150
2380 -4.727180
2385 -4.579654
2390 -4.708728
2395 -4.541150
2400 -4.727180
2405 -4.727180
2410 -4.541150
2415 -4.708728
2420 -4.593286
2425 -4.579654
2430 -4.579654
2435 -4.579654
2440 -4.583970
2445 -4.338691
2450 -4.408059
2455 -4.338691
2460 -4.727180
2465 -4.583970
2470 -4.498152
2475 -4.788632
2480 -4.498152
2485 -4.232088
2490 -3.931179
2495 -3.866842
2500 -3.749139
2505 -3.749139
2510 -3.749139
2515 -3.806270
2520 -4.025204
2525 -4.102890
2530 -4.102890
2535 -4.025204
2540 -4.102890
2545 -4.317047
2550 -4.584512
2555 -4.936152
2560 -5.079362
2565 -5.038896
2570 -4.936152
2575 -4.788632
2580 -4.424644
2585 -3.775289
2590 -3.718151
2595 -3.664389
2600 -3.718151
2605 -4.129477
2610 -4.788632
2615 -4.129477
2620 -4.377349
2625 -4.266449
2630 -4.283482
2635 -4.181177
2640 -4.399466
2645 -5.874818
2650 -5.538212
2655 -5.538212
2660 -4.752003
2665 -4.377349
2670 -4.266449
2675 -6.089662
2680 -5.681422
2685 -5.874818
2690 -5.105585
2695 -4.393830
2700 -4.377349
2705 -4.821084
2710 -5.105585
2715 -6.283482
2725 -6.089662
2730 -5.487602
2735 -4.533360
2740 -4.691722
2745 -4.399466
2750 -4.006877
2755 -4.181177
2760 -6.089662
2765 -5.135420
2770 -5.105585
2775 -4.868509
2780 -4.868509
2785 -5.423144
2790 -6.283482
2795 -5.423144
2800 -6.089662
