0 0.751142
5 1.292237
10 2.121005
15 1.712329
20 1.410959
25 1.063927
30 0.787671
35 0.566210
40 0.456621
45 0.452055
50 0.452055
55 0.668950
60 0.625571
65 0.728311
70 0.541096
75 0.417808
80 0.374429
85 0.381279
90 0.477169
95 0.468037
100 0.474886
105 0.472603
110 0.479452
115 0.447489
120 0.586758
125 0.573059
130 0.561644
135 0.493151
140 0.488584
145 0.541096
150 0.573059
155 0.579909
160 1.006849
165 1.045662
170 0.878995
175 0.737443
180 0.621005
185 0.589041
190 0.582192
195 0.607306
200 0.671233
205 0.819635
210 0.789954
215 0.707763
220 0.678082
225 0.652968
230 0.634703
235 0.646119
240 0.668950
245 0.668950
250 0.666667
255 0.659817
260 0.662100
265 0.664384
270 0.662100
275 0.682648
280 0.746575
285 0.705479
290 0.700913
295 0.687215
300 0.684932
305 0.680365
310 0.696347
315 0.703196
320 0.714612
325 0.712329
330 0.705479
335 0.726027
340 0.744292
345 0.716895
350 0.730594
355 0.789954
360 0.833333
365 0.799087
370 0.767123
375 0.762557
380 0.760274
385 0.755708
390 0.771689
395 0.771689
400 0.785388
405 0.783105
410 0.776256
415 0.773973
420 0.778539
425 0.776256
430 0.783105
435 0.789954
440 0.789954
445 0.794521
450 0.796804
455 0.801370
460 0.808219
465 0.810502
470 0.808219
475 0.810502
480 0.805936
485 0.810502
490 0.819635
495 0.817352
500 0.837900
505 0.849315
510 0.849315
515 0.842466
520 0.833333
525 0.833333
530 0.851598
535 0.844749
540 0.840183
545 0.858447
550 0.860731
555 0.863014
560 0.867580
565 0.863014
570 0.858447
575 0.890411
580 0.917808
585 0.899543
590 0.883562
595 0.876712
600 0.872146
605 0.901826
610 0.915525
615 0.908676
620 0.904110
625 0.894977
630 0.885845
635 0.876712
640 0.888128
645 0.888128
650 0.901826
655 0.906393
660 0.906393
665 0.904110
670 0.892694
675 0.890411
680 0.888128
685 0.888128
690 0.908676
695 0.906393
700 0.904110
705 0.915525
710 0.915525
715 0.917808
720 0.917808
725 0.910959
730 0.901826
735 0.901826
740 0.901826
745 0.915525
750 0.917808
755 0.920091
760 0.920091
765 0.922374
770 0.926941
775 0.926941
780 0.924658
785 0.917808
790 0.917808
795 0.920091
800 0.933790
805 0.926941
810 0.931507
815 0.940639
820 0.938356
825 0.931507
830 0.929224
835 0.929224
840 0.933790
845 0.938356
850 0.945205
855 0.945205
860 0.942922
865 0.940639
870 0.938356
875 0.936073
880 0.958904
885 0.956621
890 0.986301
895 1.002283
900 0.986301
905 0.958904
910 0.954338
915 0.949772
920 0.949772
925 0.947489
930 0.949772
935 0.963470
940 0.963470
945 0.961187
950 0.956621
955 0.954338
960 0.952055
965 0.954338
970 0.954338
975 0.958904
980 0.958904
985 0.958904
990 0.958904
995 0.958904
1000 0.956621
1005 0.958904
1010 0.958904
1015 0.961187
1020 0.961187
1025 0.961187
1030 0.961187
1035 0.958904
1040 0.961187
1045 0.963470
1050 0.963470
1055 0.961187
1060 0.961187
1065 0.961187
1070 0.965753
1075 0.970320
1080 0.970320
1085 0.968037
1090 0.968037
1095 0.965753
1100 0.965753
1105 0.965753
1110 0.965753
1115 0.968037
1120 0.970320
1125 0.970320
1130 0.968037
1135 0.970320
1140 0.968037
1145 0.968037
1150 0.968037
1155 0.970320
1160 0.972603
1165 0.981735
1170 0.979452
1175 0.977169
1180 0.977169
1185 0.974886
1190 0.972603
1195 0.972603
1200 0.972603
1205 0.977169
1210 0.979452
1215 0.979452
1220 0.979452
1225 0.977169
1230 0.977169
1235 0.974886
1240 0.977169
1245 0.981735
1250 0.995434
1255 0.990868
1260 0.986301
1265 0.981735
1270 0.981735
1275 0.981735
1280 0.979452
1285 0.981735
1290 0.981735
1295 0.984018
1300 0.984018
1305 0.986301
1310 0.984018
1315 0.984018
1320 0.981735
1325 0.981735
1330 0.981735
1335 0.984018
1340 0.984018
1345 0.984018
1350 0.984018
1355 0.984018
1360 0.984018
1365 0.984018
1370 0.984018
1375 0.984018
1380 0.986301
1385 0.986301
1390 0.986301
1395 0.986301
1400 0.986301
1405 0.986301
1410 0.986301
1415 0.986301
1420 0.986301
1425 0.984018
1430 0.986301
1435 0.986301
1440 0.986301
1445 0.988584
1450 0.988584
1455 0.988584
1460 0.986301
1465 0.986301
1470 0.986301
1475 0.988584
1480 0.986301
1485 0.988584
1490 0.988584
1495 0.988584
1500 0.988584
1505 0.988584
1510 0.988584
1515 0.988584
1520 0.988584
1525 0.988584
1530 0.988584
1535 0.988584
1540 0.988584
1545 0.988584
1550 0.988584
1555 0.988584
1560 0.988584
1565 0.988584
1570 0.990868
1575 0.988584
1580 0.990868
1585 0.990868
1590 0.990868
1595 0.990868
1600 0.990868
1605 0.990868
1610 0.990868
1615 0.990868
1620 0.990868
1625 0.990868
1630 0.990868
1635 0.993151
1640 0.993151
1645 0.993151
1650 0.993151
1655 0.993151
1660 0.990868
1665 0.993151
1670 0.990868
1675 0.993151
1680 0.993151
1685 0.993151
1690 0.995434
1695 0.993151
1700 0.993151
1705 0.993151
1710 0.993151
1715 0.993151
1720 0.993151
1725 0.993151
1730 0.995434
1735 0.995434
1740 0.995434
1745 0.995434
1750 0.995434
1755 0.995434
1760 0.995434
1765 0.995434
1770 0.995434
1775 0.995434
1780 0.995434
1785 0.995434
1790 0.995434
1795 0.995434
1800 0.995434
1805 0.995434
1810 0.995434
1815 0.995434
1820 0.995434
1825 0.995434
1830 0.995434
1835 0.997717
1840 0.995434
1845 0.997717
1850 0.995434
1855 0.997717
1860 0.995434
1865 0.997717
1870 0.997717
1875 0.997717
1880 0.997717
1885 0.997717
1890 0.997717
1895 0.997717
1900 0.997717
1905 0.997717
1910 0.997717
1915 0.997717
1920 0.997717
1925 0.997717
1930 1.000000
1935 1.000000
1940 0.997717
1945 0.997717
1950 0.997717
1955 0.997717
1960 0.997717
1965 0.997717
1970 1.000000
1975 1.000000
1980 1.000000
1985 1.000000
1990 0.997717
1995 1.000000
2000 1.000000
2005 1.002283
2010 1.000000
2015 1.002283
2020 1.000000
2025 1.000000
2030 1.000000
2035 1.000000
2040 1.000000
2045 1.000000
2050 1.000000
2055 1.002283
2060 1.002283
2065 1.002283
2070 1.002283
2075 1.002283
2080 1.002283
2085 1.000000
2090 1.002283
2095 1.000000
2100 1.002283
2105 1.002283
2110 1.002283
2115 1.002283
2120 1.002283
2125 1.002283
2130 1.002283
2135 1.002283
2140 1.002283
2145 1.002283
2150 1.002283
2155 1.002283
2160 1.002283
2165 1.002283
2170 1.002283
2175 1.002283
2180 1.002283
2185 1.002283
2190 1.002283
2195 1.002283
2200 1.002283
2205 1.004566
2210 1.002283
2215 1.002283
2220 1.002283
2225 1.002283
2230 1.002283
2235 1.002283
2240 1.004566
2245 1.004566
2250 1.004566
2255 1.004566
2260 1.004566
2265 1.002283
2270 1.004566
2275 1.002283
2280 1.004566
2285 1.002283
2290 1.004566
2295 1.002283
2300 1.004566
2305 1.002283
2310 1.004566
2315 1.004566
2320 1.004566
2325 1.004566
2330 1.004566
2335 1.004566
2340 1.004566
2345 1.004566
2350 1.004566
2355 1.004566
2360 1.004566
2365 1.004566
2370 1.004566
2375 1.004566
2380 1.004566
2385 1.004566
2390 1.004566
2395 1.004566
2400 1.004566
2405 1.004566
2410 1.004566
2415 1.004566
2420 1.004566
2425 1.004566
2430 1.004566
2435 1.004566
2440 1.004566
2445 1.004566
2450 1.004566
2455 1.004566
2460 1.006849
2465 1.004566
2470 1.004566
2475 1.004566
2480 1.004566
2485 1.004566
2490 1.004566
2495 1.004566
2500 1.004566
2505 1.004566
2510 1.004566
2515 1.006849
2520 1.004566
2525 1.004566
2530 1.004566
2535 1.006849
2540 1.004566
2545 1.006849
2550 1.004566
2555 1.006849
2560 1.004566
2565 1.006849
2570 1.004566
2575 1.006849
2580 1.006849
2585 1.006849
2590 1.004566
2595 1.006849
2600 1.006849
2605 1.004566
2610 1.006849
2615 1.006849
2620 1.006849
2625 1.004566
2630 1.006849
2635 1.006849
2640 1.006849
2645 1.006849
2650 1.006849
2655 1.006849
2660 1.006849
2665 1.006849
2670 1.006849
2675 1.006849
2680 1.006849
2685 1.006849
2690 1.006849
2695 1.006849
2700 1.006849
2705 1.006849
2710 1.009132
2715 1.009132
2720 1.009132
2725 1.009132
2730 1.006849
2735 1.009132
2740 1.006849
2745 1.006849
2750 1.006849
2755 1.009132
2760 1.009132
2765 1.009132
2770 1.009132
2775 1.009132
2780 1.009132
2785 1.009132
2790 1.009132
2795 1.006849
2800 1.009132
2805 1.009132
2810 1.009132
2815 1.009132
2820 1.009132
2825 1.009132
2830 1.009132
2835 1.009132
2840 1.009132
2845 1.009132
2850 1.009132
2855 1.009132
2860 1.009132
2865 1.009132
2870 1.009132
2875 1.009132
2880 1.009132
2885 1.009132
2890 1.009132
2895 1.009132
2900 1.009132
2905 1.009132
2910 1.009132
2915 1.011416
2920 1.009132
2925 1.009132
2930 1.009132
2935 1.009132
2940 1.009132
2945 1.009132
2950 1.009132
2955 1.009132
2960 1.009132
2965 1.009132
2970 1.011416
2975 1.009132
2980 1.011416
2985 1.009132
2990 1.011416
2995 1.009132
3000 1.011416
3005 1.009132
3010 1.011416
3015 1.009132
3020 1.011416
3025 1.009132
3030 1.011416
3035 1.009132
3040 1.009132
3045 1.009132
3050 1.009132
3055 1.011416
3060 1.009132
3065 1.011416
3070 1.009132
3075 1.011416
3080 1.009132
3085 1.011416
3090 1.009132
3095 1.011416
3100 1.009132
3105 1.011416
3110 1.009132
3115 1.011416
3120 1.009132
3125 1.011416
3130 1.011416
3135 1.011416
3140 1.011416
3145 1.011416
3150 1.011416
3155 1.011416
3160 1.011416
3165 1.011416
3170 1.011416
3175 1.011416
3180 1.011416
3185 1.011416
3190 1.011416
3195 1.011416
3200 1.011416
3205 1.009132
3210 1.011416
3215 1.011416
3220 1.011416
3225 1.011416
3230 1.011416
3235 1.011416
3240 1.011416
3245 1.011416
3250 1.011416
3255 1.011416
3260 1.011416
3265 1.011416
3270 1.011416
3275 1.011416
3280 1.011416
3285 1.011416
3290 1.011416
3295 1.011416
3300 1.011416
3305 1.011416
3310 1.011416
3315 1.011416
3320 1.011416
3325 1.011416
3330 1.011416
3335 1.011416
3340 1.011416
3345 1.011416
3350 1.011416
3355 1.011416
3360 1.011416
3365 1.011416
3370 1.011416
3375 1.011416
3380 1.011416
3385 1.011416
3390 1.011416
3395 1.011416
3400 1.011416
3405 1.011416
3410 1.011416
3415 1.011416
3420 1.011416
3425 1.011416
3430 1.011416
3435 1.011416
3440 1.011416
3445 1.011416
3450 1.011416
3455 1.011416
3460 0.997717
3465 0.997717
3470 0.997717
3475 0.997717
3480 0.997717
3485 0.997717
3490 0.997717
3495 0.997717
3500 0.997717
3505 0.997717
3510 0.997717
3515 0.997717
3520 0.997717
3525 0.997717
3530 0.997717
3535 0.997717
3540 0.997717
3545 0.997717
3550 0.997717
3555 0.997717
3560 1.000000
3565 0.997717
3570 0.997717
3575 0.997717
3580 0.997717
3585 0.997717
3590 0.997717
3595 0.997717
3600 0.997717
3605 0.997717
3610 0.997717
3615 0.997717
3620 0.997717
3625 0.997717
3630 0.997717
3635 0.997717
3640 0.997717
3645 0.997717
3650 0.997717
3655 0.997717
3660 0.997717
3665 0.997717
3670 0.997717
3675 0.997717
3680 0.997717
3685 0.997717
3690 0.997717
3695 0.997717
3700 0.997717
3705 0.997717
3710 0.997717
3715 0.997717
3720 0.997717
3725 0.997717
3730 0.997717
3735 0.997717
3740 0.997717
3745 0.997717
3750 1.000000
3755 0.997717
3760 0.997717
3765 0.997717
3770 0.997717
3775 0.997717
3780 0.997717
3785 0.997717
3790 0.997717
3795 0.997717
3800 0.997717
3805 0.997717
3810 0.997717
3815 0.997717
3820 0.997717
3825 0.997717
3830 0.997717
3835 1.000000
3840 0.997717
3845 1.000000
3850 0.997717
3855 1.000000
3860 0.997717
3865 1.000000
3870 0.997717
3875 0.997717
3880 0.997717
3885 0.997717
3890 0.997717
3895 0.997717
3900 0.997717
3905 0.997717
3910 1.000000
3915 0.997717
3920 1.000000
3925 0.997717
3930 1.000000
3935 0.997717
3940 1.000000
3945 0.997717
3950 1.000000
3955 0.997717
3960 1.000000
3965 1.000000
3970 0.997717
3975 0.997717
3980 0.997717
3985 1.000000
3990 0.997717
3995 1.000000
4000 0.997717
4005 1.000000
4010 0.997717
4015 1.000000
4020 0.997717
4025 1.000000
4030 0.997717
4035 1.000000
4040 0.997717
4045 1.000000
4050 1.000000
4055 1.000000
4060 1.000000
4065 1.000000
4070 1.000000
4075 1.000000
4080 1.000000
4085 1.000000
4090 1.000000
4095 0.997717
4100 1.000000
4105 1.000000
4110 1.000000
4115 0.997717
4120 1.000000
4125 1.000000
4130 1.000000
4135 1.000000
4140 1.000000
4145 1.000000
4150 1.000000
4155 1.000000
4160 1.000000
4165 1.000000
4170 1.000000
4175 1.000000
4180 1.000000
4185 1.000000
4190 1.000000
4195 1.000000
4200 1.000000
4205 1.000000
4210 1.000000
4215 1.000000
4220 1.000000
4225 1.000000
4230 1.000000
4235 1.000000
4240 1.000000
4245 1.000000
4250 1.000000
4255 1.000000
4260 1.000000
4265 1.000000
4270 1.000000
4275 1.000000
4280 1.000000
4285 1.000000
4290 1.000000
4295 1.000000
4300 1.000000
4305 1.000000
4310 1.000000
4315 1.000000
4320 1.000000
4325 1.000000
4330 1.000000
4335 1.000000
4340 1.000000
4345 1.000000
4350 1.000000
4355 1.000000
4360 1.000000
4365 1.000000
4370 1.000000
4375 1.000000
4380 1.000000
4385 1.000000
4390 1.000000
4395 1.000000
4400 1.000000
4405 1.000000
4410 1.000000
4415 1.000000
4420 1.000000
4425 1.000000
4430 1.000000
4435 1.000000
4440 1.000000
4445 1.000000
4450 1.000000
4455 1.000000
4460 1.000000
4465 1.000000
4470 1.000000
4475 1.000000
4480 1.000000
4485 1.000000
4490 1.000000
4495 1.000000
4500 1.000000
4505 1.000000
4510 1.000000
4515 1.000000
4520 1.000000
4525 1.000000
4530 1.000000
4535 1.000000
4540 1.000000
4545 1.000000
4550 1.000000
4555 1.000000
4560 1.000000
4565 1.000000
4570 1.000000
4575 1.000000
4580 1.000000
4585 1.000000
4590 1.000000
4595 1.000000
4600 1.000000
4605 1.000000
4610 1.000000
4615 1.000000
4620 1.000000
4625 1.000000
4630 1.000000
4635 1.000000
4640 1.000000
4645 1.000000
4650 1.000000
