0 0.184358
5 0.318436
10 0.223464
15 0.262570
20 0.290503
25 0.324022
30 0.405028
35 0.500000
40 0.583799
45 0.625698
50 0.675978
55 0.726257
60 0.706704
65 0.636872
70 0.561453
75 0.491620
80 0.466480
85 0.511173
90 0.561453
95 0.564246
100 0.569832
105 0.567039
110 0.547486
115 0.547486
120 0.550279
125 0.547486
130 0.547486
135 0.544693
140 0.544693
145 0.544693
150 0.550279
155 0.561453
160 0.569832
165 0.583799
170 0.583799
175 0.586592
180 0.589385
185 0.606145
190 0.600559
195 0.592179
200 0.575419
205 0.547486
210 0.539106
215 0.539106
220 0.541899
225 0.544693
230 0.544693
235 0.547486
240 0.550279
245 0.553073
250 0.564246
255 0.575419
260 0.581006
265 0.581006
270 0.583799
275 0.583799
280 0.575419
285 0.578212
290 0.581006
295 0.592179
300 0.592179
305 0.594972
310 0.594972
315 0.597765
320 0.594972
325 0.597765
330 0.600559
335 0.603352
340 0.608939
345 0.611732
350 0.620112
355 0.631285
360 0.639665
365 0.642458
370 0.642458
375 0.645251
380 0.645251
385 0.645251
390 0.648045
395 0.648045
400 0.648045
405 0.650838
410 0.648045
415 0.650838
420 0.650838
425 0.653631
430 0.659218
435 0.659218
440 0.659218
445 0.659218
450 0.662011
455 0.664804
460 0.667598
465 0.670391
470 0.675978
475 0.673184
480 0.673184
485 0.667598
490 0.667598
495 0.662011
500 0.659218
505 0.662011
510 0.662011
515 0.664804
520 0.664804
525 0.670391
530 0.678771
535 0.681564
540 0.681564
545 0.681564
550 0.684358
555 0.687151
560 0.687151
565 0.689944
570 0.687151
575 0.689944
580 0.692737
585 0.695531
590 0.703911
595 0.703911
600 0.706704
605 0.709497
610 0.709497
615 0.706704
620 0.706704
625 0.709497
630 0.712291
635 0.717877
640 0.723464
645 0.726257
650 0.726257
655 0.723464
660 0.723464
665 0.726257
670 0.731844
675 0.743017
680 0.745810
685 0.745810
690 0.745810
695 0.743017
700 0.743017
705 0.743017
710 0.748603
715 0.751397
720 0.751397
725 0.751397
730 0.751397
735 0.754190
740 0.754190
745 0.754190
750 0.754190
755 0.756983
760 0.759777
765 0.765363
770 0.765363
775 0.768156
780 0.765363
785 0.765363
790 0.768156
795 0.768156
800 0.768156
805 0.770950
810 0.770950
815 0.768156
820 0.765363
825 0.768156
830 0.770950
835 0.773743
840 0.762570
845 0.776536
850 0.784916
855 0.782123
860 0.779330
865 0.782123
870 0.784916
875 0.787709
880 0.779330
885 0.784916
890 0.784916
895 0.801676
900 0.798883
905 0.801676
910 0.801676
915 0.793296
920 0.815642
925 0.804469
930 0.807263
935 0.807263
940 0.815642
945 0.815642
950 0.824022
955 0.815642
960 0.824022
965 0.840782
970 0.837989
975 0.826816
980 0.829609
985 0.837989
990 0.843575
995 0.849162
1000 0.843575
1005 0.857542
1010 0.857542
1015 0.851955
1020 0.837989
1025 0.840782
1030 0.846369
1035 0.851955
1040 0.851955
1045 0.868715
1050 0.849162
1055 0.846369
1060 0.846369
1065 0.849162
1070 0.854749
1075 0.860335
1080 0.857542
1085 0.860335
1090 0.860335
1095 0.860335
1100 0.860335
1105 0.863128
1110 0.865922
1115 0.868715
1120 0.871508
1125 0.871508
1130 0.871508
1135 0.871508
1140 0.871508
1145 0.871508
1150 0.871508
1155 0.871508
1160 0.874302
1165 0.874302
1170 0.874302
1175 0.874302
1180 0.868715
1185 0.868715
1190 0.868715
1195 0.874302
1200 0.874302
1205 0.877095
1210 0.871508
1215 0.865922
1220 0.868715
1225 0.874302
1230 0.874302
1235 0.877095
1240 0.879888
1245 0.879888
1250 0.879888
1255 0.888268
1260 0.888268
1265 0.885475
1270 0.888268
1275 0.891061
1280 0.891061
1285 0.888268
1290 0.888268
1295 0.891061
1300 0.893855
1305 0.893855
1310 0.896648
1315 0.896648
1320 0.896648
1325 0.896648
1330 0.896648
1335 0.893855
1340 0.896648
1345 0.896648
1350 0.896648
1355 0.899441
1360 0.899441
1365 0.896648
1370 0.891061
1375 0.893855
1380 0.896648
1385 0.899441
1390 0.899441
1395 0.902235
1400 0.902235
1405 0.902235
1410 0.902235
1415 0.899441
1420 0.896648
1425 0.899441
1430 0.902235
1435 0.902235
1440 0.902235
1445 0.902235
1450 0.905028
1455 0.905028
1460 0.910615
1465 0.910615
1470 0.913408
1475 0.913408
1480 0.916201
1485 0.913408
1490 0.913408
1495 0.910615
1500 0.913408
1505 0.913408
1510 0.916201
1515 0.916201
1520 0.913408
1525 0.910615
1530 0.905028
1535 0.910615
1540 0.913408
1545 0.916201
1550 0.916201
1555 0.918994
1560 0.916201
1565 0.913408
1570 0.910615
1575 0.910615
1580 0.913408
1585 0.916201
1590 0.918994
1595 0.921788
1600 0.918994
1605 0.918994
1610 0.918994
1615 0.918994
1620 0.918994
1625 0.918994
1630 0.921788
1635 0.921788
1640 0.924581
1645 0.921788
1650 0.921788
1655 0.921788
1660 0.921788
1665 0.921788
1670 0.924581
1675 0.921788
1680 0.921788
1685 0.921788
1690 0.924581
1695 0.924581
1700 0.924581
1705 0.924581
1710 0.924581
1715 0.924581
1720 0.924581
1725 0.921788
1730 0.921788
1735 0.924581
1740 0.924581
1745 0.927374
1750 0.924581
1755 0.927374
1760 0.924581
1765 0.924581
1770 0.921788
1775 0.921788
1780 0.924581
1785 0.924581
1790 0.927374
1795 0.927374
1800 0.924581
1805 0.924581
1810 0.921788
1815 0.921788
1820 0.921788
1825 0.924581
1830 0.927374
1835 0.924581
1840 0.924581
1845 0.921788
1850 0.921788
1855 0.924581
1860 0.927374
1865 0.930168
1870 0.930168
1875 0.932961
1880 0.932961
1885 0.932961
1890 0.927374
1895 0.924581
1900 0.927374
1905 0.930168
1910 0.932961
1915 0.935754
1920 0.935754
1925 0.932961
1930 0.918994
1935 0.918994
1940 0.916201
1945 0.921788
1950 0.927374
1955 0.930168
1960 0.935754
1965 0.932961
1970 0.930168
1975 0.924581
1980 0.924581
1985 0.930168
1990 0.932961
1995 0.930168
2000 0.932961
2005 0.932961
2010 0.935754
2015 0.930168
2020 0.927374
2025 0.932961
2030 0.938547
2035 0.946927
2040 0.946927
2045 0.944134
2050 0.944134
2055 0.941341
2060 0.935754
2065 0.935754
2070 0.941341
2075 0.946927
2080 0.946927
2085 0.952514
2090 0.952514
2095 0.952514
2100 0.952514
2105 0.946927
2110 0.944134
2115 0.944134
2120 0.946927
2125 0.941341
2130 0.938547
2135 0.941341
2140 0.941341
2145 0.944134
2150 0.944134
2155 0.944134
2160 0.944134
2165 0.941341
2170 0.941341
2175 0.944134
2180 0.952514
2185 0.958101
2190 0.960894
2195 0.958101
2200 0.958101
2205 0.955307
2210 0.955307
2215 0.958101
2220 0.960894
2225 0.963687
2230 0.963687
2235 0.963687
2240 0.963687
2245 0.960894
2250 0.955307
2255 0.955307
2260 0.955307
2265 0.963687
2270 0.963687
2275 0.966480
2280 0.969274
2285 0.969274
2290 0.966480
2295 0.966480
2300 0.963687
2305 0.963687
2310 0.963687
2315 0.960894
2320 0.960894
2325 0.958101
2330 0.955307
2335 0.955307
2340 0.958101
2345 0.960894
2350 0.960894
2355 0.958101
2360 0.958101
2365 0.960894
2370 0.960894
2375 0.958101
2380 0.958101
2385 0.960894
2390 0.963687
2395 0.960894
2400 0.963687
2405 0.963687
2410 0.960894
2415 0.958101
2420 0.955307
2425 0.958101
2430 0.958101
2435 0.960894
2440 0.960894
2445 0.958101
2450 0.946927
2455 0.949721
2460 0.952514
2465 0.955307
2470 0.958101
2475 0.955307
2480 0.952514
2485 0.955307
2490 0.955307
2495 0.955307
2500 0.960894
2505 0.960894
2510 0.960894
2515 0.958101
2520 0.958101
2525 0.958101
2530 0.963687
2535 0.963687
2540 0.963687
2545 0.963687
2550 0.963687
2555 0.958101
2560 0.955307
2565 0.952514
2570 0.955307
2575 0.963687
2580 0.963687
2585 0.966480
2590 0.966480
2595 0.963687
2600 0.958101
2605 0.958101
2610 0.963687
2615 0.966480
2620 0.969274
2625 0.969274
2630 0.963687
2635 0.958101
2640 0.952514
2645 0.955307
2650 0.955307
2655 0.963687
2660 0.963687
2665 0.966480
2670 0.966480
2675 0.963687
2680 0.958101
2685 0.952514
2690 0.946927
2695 0.949721
2700 0.955307
2705 0.960894
2710 0.963687
2715 0.966480
2720 0.963687
2725 0.960894
2730 0.960894
2735 0.958101
2740 0.958101
2745 0.960894
2750 0.963687
2755 0.966480
2760 0.969274
2765 0.969274
2770 0.974860
2775 0.974860
2780 0.977654
2785 0.974860
2790 0.972067
2795 0.974860
2800 0.972067
2805 0.972067
2810 0.972067
2815 0.974860
2820 0.972067
2825 0.972067
2830 0.972067
2835 0.977654
2840 0.977654
2845 0.977654
2850 0.974860
2855 0.977654
2860 0.977654
2865 0.977654
2870 0.977654
2875 0.980447
2880 0.983240
2885 0.980447
2890 0.977654
2895 0.977654
2900 0.980447
2905 0.983240
2910 0.986034
2915 0.988827
2920 0.988827
2925 0.988827
2930 0.986034
2935 0.986034
2940 0.986034
2945 0.977654
2950 0.977654
2955 0.977654
2960 0.974860
2965 0.974860
2970 0.974860
2975 0.977654
2980 0.980447
2985 0.980447
2990 0.977654
2995 0.977654
3000 0.977654
3005 0.977654
3010 0.977654
3015 0.980447
3020 0.983240
3025 0.983240
3030 0.983240
3035 0.986034
3040 0.986034
3045 0.986034
3050 0.986034
3055 0.983240
3060 0.983240
3065 0.983240
3070 0.983240
3075 0.980447
3080 0.977654
3085 0.974860
3090 0.974860
3095 0.977654
3100 0.980447
3105 0.980447
3110 0.983240
3115 0.980447
3120 0.980447
3125 0.983240
3130 0.983240
3135 0.986034
3140 0.986034
3145 0.988827
3150 0.988827
3155 0.988827
3160 0.986034
3165 0.986034
3170 0.986034
3175 0.988827
3180 0.988827
3185 0.988827
3190 0.986034
3195 0.986034
3200 0.983240
3205 0.983240
3210 0.983240
3215 0.986034
3220 0.988827
3225 0.988827
3230 0.988827
3235 0.986034
3240 0.983240
3245 0.977654
3250 0.974860
3255 0.974860
3260 0.977654
3265 0.980447
3270 0.986034
3275 0.986034
3280 0.986034
3285 0.986034
3290 0.986034
3295 0.983240
3300 0.986034
3305 0.986034
3310 0.988827
3315 0.986034
3320 0.986034
3325 0.986034
3330 0.986034
3335 0.988827
3340 0.988827
3345 0.988827
3350 0.988827
3355 0.988827
3360 0.986034
3365 0.986034
3370 0.980447
3375 0.980447
3380 0.980447
3385 0.983240
3390 0.986034
3395 0.988827
3400 0.986034
3405 0.980447
3410 0.974860
3415 0.974860
3420 0.974860
3425 0.972067
3430 0.972067
3435 0.972067
3440 0.972067
3445 0.974860
3450 0.977654
3455 0.977654
3460 0.980447
3465 0.980447
3470 0.986034
3475 0.986034
3480 0.986034
3485 0.977654
3490 0.974860
3495 0.974860
3500 0.977654
3505 0.980447
3510 0.983240
3515 0.986034
3520 0.980447
3525 0.977654
3530 0.974860
3535 0.974860
3540 0.974860
3545 0.977654
3550 0.977654
3555 0.983240
3560 0.980447
3565 0.983240
3570 0.980447
3575 0.983240
3580 0.983240
3585 0.983240
3590 0.986034
3595 0.983240
3600 0.983240
3605 0.983240
3610 0.980447
3615 0.977654
3620 0.980447
3625 0.983240
3630 0.986034
3635 0.988827
3640 0.988827
3645 0.986034
3650 0.986034
3655 0.986034
3660 0.988827
3665 0.988827
3670 0.991620
3675 0.991620
3680 0.988827
3685 0.986034
3690 0.986034
3695 0.986034
3700 0.986034
3705 0.988827
3710 0.988827
3715 0.988827
3720 0.991620
3725 0.991620
3730 0.988827
3735 0.988827
3740 0.988827
3745 0.988827
3750 0.991620
3755 0.994413
3760 0.994413
3765 0.994413
3770 0.991620
3775 0.991620
3780 0.991620
3785 0.988827
3790 0.988827
3795 0.988827
3800 0.986034
3805 0.986034
3810 0.986034
3815 0.988827
3820 0.988827
3825 0.986034
3830 0.983240
3835 0.983240
3840 0.983240
3845 0.983240
3850 0.986034
3855 0.986034
3860 0.988827
3865 0.988827
3870 0.991620
3875 0.991620
3880 0.991620
3885 0.988827
3890 0.986034
3895 0.988827
3900 0.988827
3905 0.991620
3910 0.988827
3915 0.991620
3920 0.988827
3925 0.988827
3930 0.986034
3935 0.988827
3940 0.988827
3945 0.991620
3950 0.991620
3955 0.991620
3960 0.991620
3965 0.991620
3970 0.991620
3975 0.991620
3980 0.991620
3985 0.994413
3990 0.994413
3995 0.994413
4000 0.997207
4005 0.994413
4010 0.991620
4015 0.988827
4020 0.991620
4025 0.991620
4030 0.994413
4035 0.994413
4040 0.994413
4045 0.994413
4050 0.991620
4055 0.991620
4060 0.991620
4065 0.991620
4070 0.994413
4075 0.991620
4080 0.988827
4085 0.986034
4090 0.986034
4095 0.988827
4100 0.988827
4105 0.991620
4110 0.991620
4115 0.991620
4120 0.988827
4125 0.988827
4130 0.986034
4135 0.988827
4140 0.988827
4145 0.988827
4150 0.988827
4155 0.988827
4160 0.986034
4165 0.986034
4170 0.986034
4175 0.986034
4180 0.988827
4185 0.991620
4190 0.994413
4195 0.994413
4200 0.994413
4205 0.991620
4210 0.991620
4215 0.988827
4220 0.991620
4225 0.988827
4230 0.991620
4235 0.991620
4240 0.994413
4245 0.991620
4250 0.988827
4255 0.988827
4260 0.988827
4265 0.988827
4270 0.986034
4275 0.986034
4280 0.986034
4285 0.988827
4290 0.991620
4295 0.991620
4300 0.991620
4305 0.991620
4310 0.988827
4315 0.986034
4320 0.980447
4325 0.980447
4330 0.983240
4335 0.983240
4340 0.988827
4345 0.988827
4350 0.986034
4355 0.986034
4360 0.986034
4365 0.986034
4370 0.986034
4375 0.983240
4380 0.986034
4385 0.983240
4390 0.986034
4395 0.986034
4400 0.986034
4405 0.986034
4410 0.988827
4415 0.991620
4420 0.991620
4425 0.994413
4430 0.991620
4435 0.991620
4440 0.991620
4445 0.991620
4450 0.991620
4455 0.994413
4460 0.991620
4465 0.994413
4470 0.991620
4475 0.991620
4480 0.988827
4485 0.988827
4490 0.988827
4495 0.991620
4500 0.991620
4505 0.994413
4510 0.991620
4515 0.991620
4520 0.991620
4525 0.991620
4530 0.991620
4535 0.994413
4540 0.991620
4545 0.991620
4550 0.991620
4555 0.991620
4560 0.988827
4565 0.988827
4570 0.991620
4575 0.991620
4580 0.994413
4585 0.994413
4590 0.994413
4595 0.994413
4600 0.994413
4605 0.994413
4610 0.994413
4615 0.994413
4620 0.994413
4625 0.997207
4630 0.997207
4635 0.994413
4640 0.991620
4645 0.997207
4650 0.997207
4655 0.997207
4660 0.997207
4665 1.000000
