0 0.020270
5 0.015766
10 0.216216
15 1.306306
20 1.315315
25 0.968468
30 0.720721
35 0.470721
40 0.398649
45 0.387387
50 0.425676
55 0.427928
60 0.574324
65 0.585586
70 0.590090
75 0.578829
80 0.493243
85 0.459459
90 0.443694
95 0.439189
100 0.412162
105 0.400901
110 0.430180
115 0.475225
120 0.513514
125 0.497748
130 0.500000
135 0.490991
140 0.513514
145 0.500000
150 0.493243
155 0.479730
160 0.556306
165 0.533784
170 0.524775
175 0.520270
180 0.551802
185 0.558559
190 0.563063
195 0.560811
200 0.556306
205 0.556306
210 0.563063
215 0.572072
220 0.578829
225 0.621622
230 0.666667
235 0.673423
240 0.659910
245 0.650901
250 0.644144
255 0.639640
260 0.630631
265 0.621622
270 0.641892
275 0.702703
280 0.777027
285 0.745495
290 0.716216
295 0.704955
300 0.702703
305 0.702703
310 0.700450
315 0.700450
320 0.713964
325 0.779279
330 0.788288
335 0.781532
340 0.770270
345 0.768018
350 0.756757
355 0.754505
360 0.747748
365 0.761261
370 0.801802
375 0.799550
380 0.799550
385 0.792793
390 0.783784
395 0.781532
400 0.781532
405 0.779279
410 0.774775
415 0.774775
420 0.779279
425 0.797297
430 0.799550
435 0.799550
440 0.801802
445 0.810811
450 0.810811
455 0.810811
460 0.808559
465 0.808559
470 0.806306
475 0.806306
480 0.808559
485 0.808559
490 0.808559
495 0.808559
500 0.819820
505 0.822072
510 0.822072
515 0.822072
520 0.824324
525 0.824324
530 0.826577
535 0.828829
540 0.828829
545 0.840090
550 0.840090
555 0.837838
560 0.837838
565 0.835586
570 0.835586
575 0.837838
580 0.842342
585 0.844595
590 0.853604
595 0.860360
600 0.867117
605 0.864865
610 0.860360
615 0.858108
620 0.855856
625 0.858108
630 0.862613
635 0.862613
640 0.862613
645 0.864865
650 0.864865
655 0.873874
660 0.871622
665 0.869369
670 0.869369
675 0.869369
680 0.871622
685 0.873874
690 0.873874
695 0.873874
700 0.876126
705 0.876126
710 0.876126
715 0.878378
720 0.878378
725 0.882883
730 0.882883
735 0.882883
740 0.880631
745 0.882883
750 0.882883
755 0.882883
760 0.882883
765 0.889640
770 0.894144
775 0.894144
780 0.894144
785 0.896396
790 0.896396
795 0.894144
800 0.896396
805 0.894144
810 0.894144
815 0.896396
820 0.896396
825 0.896396
830 0.896396
835 0.900901
840 0.900901
845 0.903153
850 0.903153
855 0.903153
860 0.903153
865 0.903153
870 0.903153
875 0.905405
880 0.905405
885 0.905405
890 0.907658
895 0.909910
900 0.912162
905 0.923423
910 0.923423
915 0.921171
920 0.916667
925 0.914414
930 0.914414
935 0.916667
940 0.916667
945 0.921171
950 0.921171
955 0.923423
960 0.923423
965 0.923423
970 0.921171
975 0.923423
980 0.923423
985 0.925676
990 0.925676
995 0.925676
1000 0.925676
1005 0.927928
1010 0.927928
1015 0.925676
1020 0.927928
1025 0.927928
1030 0.934685
1035 0.934685
1040 0.934685
1045 0.932432
1050 0.932432
1055 0.932432
1060 0.932432
1065 0.932432
1070 0.932432
1075 0.934685
1080 0.936937
1085 0.936937
1090 0.939189
1095 0.939189
1100 0.939189
1105 0.939189
1110 0.936937
1115 0.939189
1120 0.939189
1125 0.939189
1130 0.941441
1135 0.941441
1140 0.941441
1145 0.941441
1150 0.941441
1155 0.941441
1160 0.943694
1165 0.943694
1170 0.948198
1175 0.945946
1180 0.948198
1185 0.945946
1190 0.945946
1195 0.945946
1200 0.945946
1205 0.945946
1210 0.945946
1215 0.948198
1220 0.952703
1225 0.954955
1230 0.954955
1235 0.954955
1240 0.954955
1245 0.954955
1250 0.950450
1255 0.950450
1260 0.950450
1265 0.950450
1270 0.950450
1275 0.950450
1280 0.950450
1285 0.950450
1290 0.954955
1295 0.954955
1300 0.954955
1305 0.954955
1310 0.954955
1315 0.952703
1320 0.952703
1325 0.952703
1330 0.952703
1335 0.952703
1340 0.954955
1345 0.954955
1350 0.954955
1355 0.957207
1360 0.957207
1365 0.957207
1370 0.957207
1375 0.957207
1380 0.957207
1385 0.957207
1390 0.957207
1395 0.957207
1400 0.959459
1405 0.959459
1410 0.959459
1415 0.959459
1420 0.959459
1425 0.959459
1430 0.959459
1435 0.959459
1440 0.959459
1445 0.959459
1450 0.959459
1455 0.959459
1460 0.961712
1465 0.961712
1470 0.961712
1475 0.961712
1480 0.961712
1485 0.961712
1490 0.961712
1495 0.961712
1500 0.961712
1505 0.961712
1510 0.961712
1515 0.963964
1520 0.963964
1525 0.963964
1530 0.963964
1535 0.963964
1540 0.963964
1545 0.963964
1550 0.963964
1555 0.963964
1560 0.963964
1565 0.963964
1570 0.963964
1575 0.963964
1580 0.963964
1585 0.963964
1590 0.963964
1595 0.963964
1600 0.968468
1605 0.968468
1610 0.968468
1615 0.968468
1620 0.966216
1625 0.968468
1630 0.966216
1635 0.968468
1640 0.966216
1645 0.968468
1650 0.966216
1655 0.968468
1660 0.968468
1665 0.968468
1670 0.970721
1675 0.970721
1680 0.970721
1685 0.970721
1690 0.970721
1695 0.968468
1700 0.970721
1705 0.968468
1710 0.970721
1715 0.970721
1720 0.972973
1725 0.972973
1730 0.972973
1735 0.972973
1740 0.972973
1745 0.972973
1750 0.972973
1755 0.972973
1760 0.972973
1765 0.972973
1770 0.972973
1775 0.972973
1780 0.972973
1785 0.972973
1790 0.972973
1795 0.975225
1800 0.972973
1805 0.975225
1810 0.975225
1815 0.975225
1820 0.975225
1825 0.972973
1830 0.975225
1835 0.972973
1840 0.975225
1845 0.975225
1850 0.975225
1855 0.975225
1860 0.975225
1865 0.975225
1870 0.975225
1875 0.977477
1880 0.979730
1885 0.984234
1890 0.984234
1895 0.981982
1900 0.979730
1905 0.979730
1910 0.979730
1915 0.979730
1920 0.979730
1925 0.979730
1930 0.979730
1935 0.981982
1940 0.981982
1945 0.984234
1950 0.981982
1955 0.981982
1960 0.981982
1965 0.979730
1970 0.981982
1975 0.981982
1980 0.981982
1985 0.981982
1990 0.984234
1995 0.984234
2000 0.986486
2005 0.984234
2010 0.984234
2015 0.984234
2020 0.984234
2025 0.984234
2030 0.984234
2035 0.986486
2040 0.984234
2045 0.986486
2050 0.986486
2055 0.986486
2060 0.986486
2065 0.986486
2070 0.986486
2075 0.986486
2080 0.986486
2085 0.986486
2090 0.986486
2095 0.986486
2100 0.986486
2105 0.986486
2110 0.986486
2115 0.986486
2120 0.986486
2125 0.986486
2130 0.986486
2135 0.986486
2140 0.988739
2145 0.986486
2150 0.988739
2155 0.986486
2160 0.988739
2165 0.988739
2170 0.986486
2175 0.988739
2180 0.988739
2185 0.988739
2190 0.988739
2195 0.988739
2200 0.988739
2205 0.988739
2210 0.988739
2215 0.988739
2220 0.988739
2225 0.988739
2230 0.988739
2235 0.988739
2240 0.988739
2245 0.988739
2250 0.988739
2255 0.988739
2260 0.990991
2265 0.988739
2270 0.990991
2275 0.988739
2280 0.990991
2285 0.988739
2290 0.990991
2295 0.988739
2300 0.990991
2305 0.988739
2310 0.990991
2315 0.990991
2320 0.990991
2325 0.990991
2330 0.990991
2335 0.990991
2340 0.990991
2345 0.990991
2350 0.990991
2355 0.990991
2360 0.990991
2365 0.990991
2370 0.990991
2375 0.990991
2380 0.990991
2385 0.990991
2390 0.990991
2395 0.990991
2400 0.990991
2405 0.990991
2410 0.990991
2415 0.990991
2420 0.993243
2425 0.993243
2430 0.993243
2435 0.990991
2440 0.993243
2445 0.990991
2450 0.993243
2455 0.990991
2460 0.990991
2465 0.990991
2470 0.990991
2475 0.993243
2480 0.993243
2485 0.993243
2490 0.993243
2495 0.993243
2500 0.990991
2505 0.993243
2510 0.990991
2515 0.993243
2520 0.990991
2525 0.993243
2530 0.990991
2535 0.993243
2540 0.993243
2545 0.993243
2550 0.993243
2555 0.993243
2560 0.993243
2565 0.993243
2570 0.993243
2575 0.993243
2580 0.993243
2585 0.993243
2590 0.993243
2595 0.993243
2600 0.993243
2605 0.993243
2610 0.993243
2615 0.993243
2620 0.993243
2625 0.993243
2630 0.993243
2635 0.993243
2640 0.993243
2645 0.993243
2650 0.993243
2655 0.993243
2660 0.993243
2665 0.993243
2670 0.993243
2675 0.995495
2680 0.993243
2685 0.993243
2690 0.993243
2695 0.993243
2700 0.993243
2705 0.993243
2710 0.993243
2715 0.993243
2720 0.995495
2725 0.993243
2730 0.995495
2735 0.993243
2740 0.995495
2745 0.993243
2750 0.995495
2755 0.993243
2760 0.993243
2765 0.993243
2770 0.993243
2775 0.995495
2780 0.993243
2785 0.995495
2790 0.993243
2795 0.995495
2800 0.993243
2805 0.995495
2810 0.993243
2815 0.995495
2820 0.993243
2825 0.995495
2830 0.995495
2835 0.995495
2840 0.995495
2845 0.995495
2850 0.995495
2855 0.993243
2860 0.995495
2865 0.995495
2870 0.995495
2875 0.995495
2880 0.995495
2885 0.993243
2890 0.995495
2895 0.993243
2900 0.995495
2905 0.995495
2910 0.995495
2915 0.995495
2920 0.995495
2925 0.995495
2930 0.995495
2935 0.995495
2940 0.995495
2945 0.995495
2950 0.995495
2955 0.995495
2960 0.995495
2965 0.995495
2970 0.995495
2975 0.995495
2980 0.995495
2985 0.995495
2990 0.995495
2995 0.995495
3000 0.995495
3005 0.995495
3010 0.995495
3015 0.995495
3020 0.995495
3025 0.995495
3030 0.995495
3035 0.995495
3040 0.995495
3045 0.995495
3050 0.995495
3055 0.995495
3060 0.995495
3065 0.995495
3070 0.995495
3075 0.995495
3080 0.995495
3085 0.995495
3090 0.995495
3095 0.995495
3100 0.995495
3105 0.997748
3110 0.995495
3115 0.995495
3120 0.995495
3125 0.995495
3130 0.995495
3135 0.995495
3140 0.995495
3145 0.995495
3150 0.995495
3155 0.995495
3160 0.995495
3165 0.995495
3170 0.995495
3175 0.995495
3180 0.997748
3185 0.995495
3190 0.997748
3195 0.995495
3200 0.997748
3205 0.995495
3210 0.995495
3215 0.997748
3220 0.995495
3225 0.997748
3230 0.995495
3235 0.997748
3240 0.995495
3245 0.997748
3250 0.995495
3255 0.997748
3260 0.995495
3265 0.997748
3270 0.995495
3275 0.997748
3280 0.995495
3285 0.997748
3290 0.997748
3295 0.997748
3300 0.997748
3305 0.997748
3310 0.997748
3315 0.997748
3320 0.997748
3325 0.997748
3330 0.997748
3335 0.997748
3340 0.997748
3345 0.995495
3350 0.997748
3355 0.997748
3360 0.997748
3365 0.997748
3370 0.997748
3375 0.997748
3380 0.997748
3385 0.997748
3390 0.997748
3395 0.997748
3400 0.997748
3405 0.997748
3410 0.997748
3415 0.997748
3420 0.997748
3425 0.997748
3430 0.997748
3435 0.997748
3440 0.997748
3445 0.997748
3450 0.997748
3455 0.997748
3460 0.997748
3465 0.997748
3470 0.997748
3475 0.997748
3480 0.997748
3485 0.997748
3490 1.000000
3495 0.997748
3500 0.997748
3505 0.997748
3510 0.997748
3515 0.997748
3520 0.997748
3525 1.000000
3530 0.997748
3535 1.000000
3540 0.997748
3545 1.000000
3550 0.997748
3555 1.000000
3560 0.997748
3565 1.000000
3570 0.997748
3575 1.000000
3580 1.000000
3585 1.000000
3590 1.000000
3595 0.997748
3600 1.000000
3605 0.997748
3610 1.000000
3615 0.997748
3620 1.000000
3625 0.997748
3630 1.000000
3635 0.997748
3640 1.000000
3645 0.997748
3650 1.000000
3655 1.000000
3660 1.000000
3665 1.000000
3670 1.000000
3675 1.000000
3680 1.000000
3685 1.000000
3690 1.000000
3695 1.000000
3700 1.000000
3705 1.000000
3710 1.000000
3715 1.000000
3720 1.000000
3725 1.000000
3730 1.000000
3735 1.000000
3740 1.000000
3745 1.000000
3750 1.000000
3755 1.000000
3760 1.000000
3765 1.000000
3770 1.000000
3775 1.000000
3780 1.000000
3785 1.000000
3790 1.000000
3795 1.000000
3800 1.000000
3805 1.000000
3810 1.000000
3815 1.000000
3820 1.000000
3825 1.000000
3830 1.000000
3835 1.000000
3840 1.000000
3845 1.000000
3850 1.000000
3855 1.000000
3860 1.000000
3865 1.000000
3870 1.000000
3875 1.000000
3880 1.000000
3885 1.000000
3890 1.000000
3895 1.000000
3900 1.000000
3905 1.000000
3910 1.000000
3915 1.000000
3920 1.000000
3925 1.000000
3930 1.000000
3935 1.000000
3940 1.000000
3945 1.000000
3950 1.000000
3955 1.000000
3960 1.000000
3965 1.000000
3970 1.000000
3975 1.000000
3980 1.000000
3985 1.000000
3990 1.000000
