0 0.000000
5 -0.000094
10 0.000000
15 -0.000094
20 0.000000
25 0.000000
30 -0.000094
35 -0.000188
40 -0.000377
45 -0.000094
50 0.000000
55 0.000000
60 0.000000
65 0.000471
70 -0.000094
75 -0.000094
80 -0.000094
85 1.200584
90 2.011395
95 2.558527
100 2.985121
105 3.562388
110 4.189566
115 4.439119
120 4.623693
125 4.915623
130 5.312082
135 5.358226
140 5.155759
145 5.338450
150 5.491007
155 5.530558
160 5.545626
165 5.572935
170 5.570110
175 5.536209
180 5.489123
185 5.405311
190 5.345042
195 5.285714
200 5.230153
205 5.269705
210 5.290423
215 5.125624
220 4.955175
225 4.848762
230 4.926923
235 4.795084
240 4.602976
245 4.658537
250 4.686788
255 4.536115
260 4.390150
265 4.117996
270 3.981448
275 3.884452
280 3.756380
285 3.623599
290 3.425840
295 3.351446
300 3.334495
305 3.294001
310 3.205481
315 3.146153
320 3.106601
325 3.102835
330 3.110368
335 3.105660
340 3.097184
345 3.043507
350 3.006780
355 2.917318
360 2.891892
365 2.821264
370 2.736510
375 2.664940
380 2.579245
385 2.537810
390 2.534043
395 2.539693
400 2.553819
405 2.564177
410 2.558527
415 2.480365
420 2.456823
425 2.409737
430 2.344759
435 2.315566
440 2.377719
445 2.425746
450 2.406912
455 2.361710
460 2.305208
465 2.256239
470 2.214804
475 2.145117
480 2.157359
485 2.187494
490 2.182786
495 2.145117
500 2.126283
505 2.122516
510 2.134758
515 2.147942
520 2.170543
525 2.205387
530 2.151709
535 2.103682
540 2.109332
545 2.112157
550 2.112157
555 2.118749
560 2.117808
565 2.127225
570 2.102740
575 2.080139
580 2.079198
585 2.063189
590 2.048121
595 2.031171
600 1.979377
605 1.946417
610 1.912515
615 1.904040
620 1.906865
625 1.876730
630 1.880497
635 1.895565
640 1.915340
645 1.942650
650 1.952067
655 1.959601
660 1.953950
665 1.953950
670 1.969018
675 1.987852
680 2.001978
685 2.023637
690 2.039646
695 2.044354
700 2.051888
705 2.068839
710 2.071664
715 2.070722
720 2.060363
725 2.065072
730 2.084848
735 2.130050
740 2.229871
745 2.288257
750 2.320275
755 2.332517
760 2.322158
765 2.301441
770 2.300499
775 2.330634
780 2.338167
785 2.311800
790 2.262831
795 2.234580
800 2.281665
805 2.283548
810 2.233638
815 2.194086
820 2.164893
825 2.142292
830 2.116866
835 2.099915
840 2.084848
845 2.077314
850 2.060363
855 2.058480
860 2.026462
865 2.001978
870 2.030229
875 1.995386
880 2.022695
885 2.069781
890 2.028345
895 2.037763
900 2.040588
905 2.035879
910 2.017045
915 2.009511
920 2.009511
925 2.002919
930 1.992561
935 1.985027
940 1.969018
945 1.933233
950 1.897448
955 1.826820
960 1.748658
965 1.696864
970 1.668613
975 1.635653
980 1.630945
985 1.621527
990 1.616819
995 1.644128
1000 1.678030
1005 1.687447
1010 1.674263
1015 1.646954
1020 1.634711
1025 1.628119
1030 1.621527
1035 1.636595
1040 1.671438
1045 1.654487
1050 1.632828
1055 1.625294
1060 1.617761
1065 1.614935
1070 1.613994
1075 1.607402
1080 1.600810
1085 1.594218
1090 1.581034
1095 1.576325
1100 1.569733
1105 1.559375
1110 1.549958
1115 1.539599
1120 1.522648
1125 1.498164
1130 1.490630
1135 1.487805
1140 1.478388
1145 1.474621
1150 1.462379
1155 1.452962
1160 1.430361
1165 1.414352
1170 1.406818
1175 1.390809
1180 1.372916
1185 1.370091
1190 1.370091
1195 1.369150
1200 1.363499
1205 1.354082
1210 1.339015
1215 1.336190
1220 1.330540
1225 1.329598
1230 1.327714
1235 1.322064
1240 1.320181
1245 1.317356
1250 1.315472
1255 1.313589
1260 1.311705
1265 1.306997
1270 1.305113
1275 1.303230
1280 1.301347
1285 1.298522
1290 1.295696
1295 1.295696
1300 1.295696
1305 1.296638
1310 1.295696
1315 1.293813
1320 1.291930
1325 1.293813
1330 1.292871
1335 1.287221
1340 1.284396
1345 1.277804
1350 1.267445
1355 1.258970
1360 1.254261
1365 1.252378
1370 1.252378
1375 1.252378
1380 1.252378
1385 1.250494
1390 1.246728
1395 1.244844
1400 1.244844
1405 1.222243
1410 1.195875
1415 1.181750
1420 1.170449
1425 1.151615
1430 1.148790
1435 1.154440
1440 1.158207
1445 1.165741
1450 1.169507
1455 1.174216
1460 1.175158
1465 1.175158
1470 1.179866
1475 1.179866
1480 1.180808
1485 1.180808
1490 1.181750
1495 1.183633
1500 1.185517
1505 1.184575
1510 1.185517
1515 1.185517
1520 1.185517
1525 1.187400
1530 1.190225
1535 1.191167
1540 1.192108
1545 1.192108
1550 1.193050
1555 1.193050
1560 1.193050
1565 1.193992
1570 1.194934
1575 1.195875
1580 1.194934
1585 1.194934
1590 1.194934
1595 1.191167
1600 1.190225
1605 1.188342
1610 1.188342
1615 1.188342
1620 1.188342
1625 1.189283
1630 1.191167
1635 1.191167
1640 1.189283
1645 1.188342
1650 1.186458
1655 1.183633
1660 1.178925
1665 1.178925
1670 1.178925
1675 1.173274
1680 1.166682
1685 1.151615
1690 1.152557
1695 1.153498
1700 1.154440
1705 1.153498
1710 1.152557
1715 1.152557
1720 1.151615
1725 1.144081
1730 1.137489
1735 1.129956
1740 1.121480
1745 1.111122
1750 1.107355
1755 1.113005
1760 1.109238
1765 1.107355
1770 1.101704
1775 1.098879
1780 1.094171
1785 1.090404
1790 1.084754
1795 1.080987
1800 1.076278
1805 1.071570
1810 1.069686
1815 1.070628
1820 1.071570
1825 1.069686
1830 1.064978
1835 1.064978
1840 1.065920
1845 1.066861
1850 1.067803
1855 1.070628
1860 1.070628
1865 1.072512
1870 1.074395
1875 1.075337
1880 1.076278
1885 1.077220
1890 1.077220
1895 1.077220
1900 1.077220
1905 1.077220
1910 1.078162
1915 1.079103
1920 1.079103
1925 1.080987
1930 1.080987
1935 1.080987
1940 1.081929
1945 1.080987
1950 1.081929
1955 1.081929
1960 1.081929
1965 1.082870
1970 1.082870
1975 1.082870
1980 1.077220
1985 1.073453
1990 1.067803
1995 1.060269
2000 1.059328
2005 1.058386
2010 1.056502
2015 1.056502
2020 1.057444
2025 1.057444
2030 1.055561
2035 1.054619
2040 1.054619
2045 1.052736
2050 1.050852
2055 1.047085
2060 1.048027
2065 1.048969
2070 1.049911
2075 1.050852
2080 1.051794
2085 1.052736
2090 1.053677
2095 1.053677
2100 1.054619
2105 1.054619
2110 1.054619
2115 1.055561
2120 1.056502
2125 1.055561
2130 1.054619
2135 1.055561
2140 1.055561
2145 1.056502
2150 1.055561
2155 1.055561
2160 1.055561
2165 1.055561
2170 1.055561
2175 1.055561
2180 1.055561
2185 1.056502
2190 1.055561
2195 1.056502
2200 1.056502
2205 1.056502
2210 1.057444
2215 1.056502
2220 1.057444
2225 1.057444
2230 1.056502
2235 1.054619
2240 1.048969
2245 1.048027
2250 1.048969
2255 1.048027
2260 1.048027
2265 1.048027
2270 1.048969
2275 1.050852
2280 1.051794
2285 1.053677
2290 1.053677
2295 1.053677
2300 1.054619
2305 1.054619
2310 1.052736
2315 1.048969
2320 1.048969
2325 1.044260
2330 1.042377
2335 1.040493
2340 1.039552
2345 1.037668
2350 1.037668
2355 1.036727
2360 1.037668
2365 1.037668
2370 1.038610
2375 1.038610
2380 1.038610
2385 1.037668
2390 1.036727
2395 1.037668
2400 1.037668
2405 1.038610
2410 1.038610
2415 1.038610
2420 1.038610
2425 1.038610
2430 1.038610
2435 1.037668
2440 1.038610
2445 1.037668
2450 1.036727
2455 1.036727
2460 1.036727
2465 1.037668
2470 1.036727
2475 1.037668
2480 1.036727
2485 1.032960
2490 1.032018
2495 1.032018
2500 1.032018
2505 1.031076
2510 1.030135
2515 1.030135
2520 1.030135
2525 1.030135
2530 1.031076
2535 1.031076
2540 1.032018
2545 1.032018
2550 1.032018
2555 1.031076
2560 1.027310
2565 1.023543
2570 1.016951
2575 1.013184
2580 1.011300
2585 1.010359
2590 1.011300
2595 1.012242
2600 1.012242
2605 1.013184
2610 1.013184
2615 1.013184
2620 1.013184
2625 1.013184
2630 1.012242
2635 1.010359
2640 1.008475
2645 1.007534
2650 1.006592
2655 1.006592
2660 1.006592
2665 1.006592
2670 1.005650
2675 1.004709
2680 1.004709
2685 1.003767
2690 1.003767
2695 1.003767
2700 1.002825
2705 1.003767
2710 1.003767
2715 1.003767
2720 1.004709
2725 1.003767
2730 1.003767
2735 1.003767
2740 1.003767
2745 1.003767
2750 1.002825
2755 1.003767
2760 1.002825
2765 1.002825
2770 1.002825
2775 1.001883
2780 1.002825
2785 1.002825
2790 1.001883
2795 1.002825
2800 1.002825
2805 1.002825
2810 1.001883
2815 1.001883
2820 1.002825
2825 1.001883
2830 1.002825
2835 1.002825
2840 1.003767
2845 1.003767
2850 1.003767
2855 1.003767
2860 1.006592
2865 1.003767
2870 1.004709
2875 1.004709
2880 1.005650
2885 1.005650
2890 1.006592
2895 1.006592
2900 1.006592
2905 1.006592
2910 1.006592
2915 1.006592
2920 1.007534
2925 1.008475
2930 1.009417
2935 1.008475
2940 1.008475
2945 1.008475
2950 1.008475
2955 1.009417
2960 1.008475
2965 1.009417
2970 1.010359
2975 1.011300
2980 1.012242
2985 1.012242
2990 1.013184
2995 1.012242
3000 1.012242
3005 1.012242
3010 1.011300
3015 1.011300
3020 1.011300
3025 1.010359
3030 1.009417
3035 1.010359
3040 1.007534
3045 1.006592
3050 1.009417
3055 1.007534
3060 1.003767
3065 1.002825
3070 1.003767
3075 1.001883
3080 1.000942
3085 1.000942
3090 1.000942
3095 1.000942
3100 1.000942
3105 1.000942
3110 1.000942
3115 1.000942
3120 1.000942
3125 1.000942
3130 1.000942
3135 1.001883
3140 1.001883
3145 1.003767
3150 1.004709
3155 1.003767
3160 1.004709
3165 1.004709
3170 1.004709
3175 1.004709
3180 1.004709
3185 1.004709
3190 1.004709
3195 1.005650
3200 1.004709
3205 1.004709
3210 1.004709
3215 1.004709
3220 1.004709
3225 1.004709
3230 1.005650
3235 1.005650
3240 1.002825
3245 1.002825
3250 1.005650
3255 1.005650
3260 1.002825
3265 1.002825
3270 1.005650
3275 1.005650
3280 1.005650
3285 1.005650
3290 1.003767
3295 1.003767
3300 1.003767
3305 1.003767
3310 1.003767
3315 1.006592
3320 1.005650
3325 1.006592
3330 1.006592
3335 1.006592
3340 1.006592
3345 1.006592
3350 1.005650
3355 1.005650
3360 1.005650
3365 1.005650
3370 1.004709
3375 1.005650
3380 1.005650
3385 1.005650
3390 1.005650
3395 1.005650
3400 1.006592
3405 1.005650
3410 1.006592
3415 1.003767
3420 1.005650
3425 1.005650
3430 1.005650
3435 1.005650
3440 1.005650
3445 1.003767
3450 1.003767
3455 1.005650
3460 1.006592
3465 1.005650
3470 1.006592
3475 1.006592
3480 1.006592
3485 1.006592
3490 1.006592
3495 1.006592
3500 1.004709
3505 1.004709
3510 1.006592
3515 1.006592
3520 1.007534
3525 1.007534
3530 1.005650
3535 1.005650
3540 1.007534
3545 1.006592
3550 1.005650
3555 1.006592
3560 1.006592
3565 1.006592
3570 1.006592
3575 1.005650
3580 1.005650
3585 1.005650
3590 1.006592
3595 1.005650
3600 1.006592
3605 1.006592
3610 1.006592
3615 1.007534
3620 1.007534
3625 1.007534
3630 1.005650
3635 1.005650
3640 1.005650
3645 1.005650
3650 1.008475
3655 1.007534
3660 1.008475
3665 1.008475
3670 1.008475
3675 1.009417
3680 1.008475
3685 1.009417
3690 1.009417
3695 1.009417
3700 1.009417
3705 1.009417
3710 1.009417
3715 1.008475
3720 1.009417
3725 1.009417
3730 1.009417
3735 1.009417
3740 1.009417
3745 1.009417
3750 1.009417
3755 1.010359
3760 1.010359
3765 1.010359
3770 1.009417
3775 1.009417
3780 1.009417
3785 1.008475
3790 1.008475
3795 1.008475
3800 1.008475
3805 1.008475
3810 1.008475
3815 1.009417
3820 1.008475
3825 1.009417
3830 1.009417
3835 1.009417
3840 1.009417
3845 1.009417
3850 1.009417
3855 1.009417
3860 1.009417
3865 1.009417
3870 1.008475
3875 1.009417
3880 1.008475
3885 1.009417
3890 1.008475
3895 1.008475
3900 1.008475
3905 1.008475
3910 1.009417
3915 1.007534
3920 1.006592
3925 1.004709
3930 1.002825
3935 1.002825
3940 1.000942
3945 1.000942
3950 1.000942
3955 1.000942
3960 1.000942
3965 1.000942
3970 1.000942
3975 1.000942
3980 1.000942
3985 1.000942
3990 1.000942
3995 1.001883
4000 1.000942
4005 1.001883
4010 1.000942
4015 1.001883
4020 1.001883
4025 1.000942
4030 1.001883
4035 1.000942
4040 1.001883
4045 1.000942
4050 1.001883
4055 1.001883
4060 1.001883
4065 1.001883
4070 1.001883
4075 1.001883
4080 1.001883
4085 1.001883
4090 1.002825
4095 1.002825
4100 1.003767
4105 1.003767
4110 1.004709
4115 1.004709
4120 1.004709
4125 1.004709
4130 1.004709
4135 1.004709
4140 1.003767
4145 1.004709
4150 1.004709
4155 1.004709
4160 1.004709
4165 1.004709
4170 1.004709
4175 1.004709
4180 1.004709
4185 1.004709
4190 1.004709
4195 1.004709
4200 1.003767
4205 1.004709
4210 1.003767
4215 1.004709
4220 1.003767
4225 1.003767
4230 1.003767
4235 1.003767
4240 1.003767
4245 1.002825
4250 1.002825
4255 1.001883
4260 1.000942
4265 1.000942
4270 1.000942
4275 1.000942
4280 1.000942
4285 1.000942
4290 1.000942
4295 1.000942
4300 1.000942
4305 1.000942
4310 1.000942
4315 1.000000
4320 0.999058
4325 0.999058
4330 0.998117
4335 0.999058
4340 0.999058
4345 1.000000
4350 0.999058
4355 0.999058
4360 0.999058
4365 0.999058
4370 1.000000
4375 0.999058
4380 0.999058
4385 1.000000
4390 0.999058
4395 1.000000
4400 0.999058
4405 1.000000
4410 0.999058
4415 0.999058
4420 1.000000
4425 0.999058
4430 1.000000
4435 1.000000
4440 1.000000
4445 1.000000
4450 1.000000
4455 1.000000
4460 1.000000
4465 1.000000
4470 1.000000
4475 1.000942
4480 1.000000
4485 1.000000
4490 1.000000
4495 1.000000
4500 1.000000
4505 1.000000
4510 1.000000
4515 1.000000
4520 0.999058
4525 0.999058
4530 0.999058
4535 1.000000
4540 0.999058
4545 1.000000
4550 1.000000
4555 1.000000
4560 1.000000
4565 1.000000
4570 1.000000
4575 1.000000
4580 1.000000
4585 1.000000
4590 1.000000
4595 1.000000
4600 1.000000
4605 1.000000
4610 1.000000
4615 1.000000
4620 1.000000
4625 1.000000
4630 1.000000
4635 1.000000
4640 1.000942
4645 1.000000
4650 1.000000
4655 1.000000
4660 1.000000
4665 1.000000
4670 1.000000
4675 1.000000
4680 1.000000
4685 1.000000
4690 1.000000
4695 1.000000
4700 1.000000
