0 0.012220
5 0.018330
10 0.018330
15 0.022403
20 0.024440
25 0.024440
30 0.022403
35 0.022403
40 0.024440
45 0.026477
50 0.026477
55 0.026477
60 0.059063
65 0.148676
70 0.197556
75 0.232179
80 0.213849
85 0.199593
90 0.356415
95 0.295316
100 0.311609
105 0.331976
110 0.334012
115 0.323829
120 0.370672
125 0.454175
130 0.503055
135 0.509165
140 0.498982
145 0.507128
150 0.517312
155 0.513238
160 0.509165
165 0.521385
170 0.541752
175 0.537678
180 0.553971
185 0.549898
190 0.541752
195 0.539715
200 0.529532
205 0.515275
210 0.513238
215 0.525458
220 0.525458
225 0.523422
230 0.519348
235 0.521385
240 0.525458
245 0.529532
250 0.533605
255 0.539715
260 0.539715
265 0.541752
270 0.553971
275 0.558045
280 0.564155
285 0.566191
290 0.570265
295 0.572301
300 0.576375
305 0.588595
310 0.592668
315 0.594705
320 0.598778
325 0.602851
330 0.600815
335 0.598778
340 0.600815
345 0.615071
350 0.631365
355 0.629328
360 0.631365
365 0.629328
370 0.629328
375 0.633401
380 0.633401
385 0.643585
390 0.647658
395 0.661914
400 0.665988
405 0.663951
410 0.661914
415 0.653768
420 0.653768
425 0.655804
430 0.655804
435 0.657841
440 0.668024
445 0.674134
450 0.676171
455 0.676171
460 0.674134
465 0.672098
470 0.670061
475 0.670061
480 0.670061
485 0.672098
490 0.682281
495 0.682281
500 0.682281
505 0.682281
510 0.684318
515 0.692464
520 0.690428
525 0.692464
530 0.696538
535 0.700611
540 0.702648
545 0.704684
550 0.706721
555 0.706721
560 0.712831
565 0.714868
570 0.718941
575 0.723014
580 0.725051
585 0.733198
590 0.733198
595 0.735234
600 0.735234
605 0.735234
610 0.737271
615 0.741344
620 0.747454
625 0.747454
630 0.757637
635 0.757637
640 0.757637
645 0.757637
650 0.759674
655 0.767821
660 0.782077
665 0.784114
670 0.784114
675 0.786151
680 0.788187
685 0.790224
690 0.792261
695 0.792261
700 0.792261
705 0.794297
710 0.794297
715 0.794297
720 0.796334
725 0.800407
730 0.802444
735 0.806517
740 0.802444
745 0.802444
750 0.806517
755 0.806517
760 0.806517
765 0.804481
770 0.804481
775 0.806517
780 0.814664
785 0.814664
790 0.818737
795 0.822811
800 0.824847
805 0.828921
810 0.820774
815 0.822811
820 0.822811
825 0.826884
830 0.830957
835 0.837067
840 0.839104
845 0.841141
850 0.839104
855 0.832994
860 0.837067
865 0.837067
870 0.847251
875 0.849287
880 0.849287
885 0.849287
890 0.849287
895 0.847251
900 0.847251
905 0.847251
910 0.849287
915 0.849287
920 0.853360
925 0.855397
930 0.857434
935 0.859470
940 0.861507
945 0.863544
950 0.869654
955 0.867617
960 0.871690
965 0.869654
970 0.867617
975 0.865580
980 0.865580
985 0.871690
990 0.873727
995 0.875764
1000 0.873727
1005 0.875764
1010 0.873727
1015 0.873727
1020 0.873727
1025 0.875764
1030 0.877800
1035 0.875764
1040 0.875764
1045 0.875764
1050 0.877800
1055 0.879837
1060 0.883910
1065 0.883910
1070 0.883910
1075 0.883910
1080 0.883910
1085 0.881874
1090 0.881874
1095 0.883910
1100 0.881874
1105 0.883910
1110 0.883910
1115 0.887984
1120 0.896130
1125 0.900204
1130 0.894094
1135 0.894094
1140 0.896130
1145 0.896130
1150 0.896130
1155 0.900204
1160 0.902240
1165 0.902240
1170 0.902240
1175 0.902240
1180 0.904277
1185 0.902240
1190 0.904277
1195 0.904277
1200 0.908350
1205 0.910387
1210 0.910387
1215 0.910387
1220 0.910387
1225 0.910387
1230 0.910387
1235 0.910387
1240 0.912424
1245 0.914460
1250 0.916497
1255 0.914460
1260 0.916497
1265 0.916497
1270 0.916497
1275 0.918534
1280 0.920570
1285 0.922607
1290 0.920570
1295 0.920570
1300 0.920570
1305 0.922607
1310 0.922607
1315 0.922607
1320 0.924644
1325 0.930754
1330 0.928717
1335 0.926680
1340 0.928717
1345 0.926680
1350 0.926680
1355 0.928717
1360 0.932790
1365 0.932790
1370 0.932790
1375 0.932790
1380 0.932790
1385 0.932790
1390 0.934827
1395 0.938900
1400 0.938900
1405 0.940937
1410 0.940937
1415 0.940937
1420 0.938900
1425 0.940937
1430 0.940937
1435 0.940937
1440 0.942974
1445 0.942974
1450 0.947047
1455 0.945010
1460 0.945010
1465 0.942974
1470 0.945010
1475 0.942974
1480 0.945010
1485 0.945010
1490 0.945010
1495 0.945010
1500 0.945010
1505 0.947047
1510 0.949084
1515 0.951120
1520 0.953157
1525 0.953157
1530 0.949084
1535 0.949084
1540 0.949084
1545 0.951120
1550 0.953157
1555 0.955193
1560 0.957230
1565 0.959267
1570 0.957230
1575 0.957230
1580 0.957230
1585 0.957230
1590 0.957230
1595 0.957230
1600 0.959267
1605 0.959267
1610 0.955193
1615 0.953157
1620 0.953157
1625 0.955193
1630 0.955193
1635 0.957230
1640 0.959267
1645 0.959267
1650 0.955193
1655 0.957230
1660 0.957230
1665 0.957230
1670 0.957230
1675 0.959267
1680 0.959267
1685 0.961303
1690 0.963340
1695 0.961303
1700 0.963340
1705 0.961303
1710 0.963340
1715 0.965377
1720 0.963340
1725 0.963340
1730 0.963340
1735 0.965377
1740 0.967413
1745 0.967413
1750 0.967413
1755 0.969450
1760 0.969450
1765 0.969450
1770 0.967413
1775 0.967413
1780 0.967413
1785 0.969450
1790 0.969450
1795 0.969450
1800 0.971487
1805 0.973523
1810 0.973523
1815 0.973523
1820 0.973523
1825 0.973523
1830 0.973523
1835 0.973523
1840 0.973523
1845 0.973523
1850 0.975560
1855 0.975560
1860 0.975560
1865 0.975560
1870 0.977597
1875 0.979633
1880 0.977597
1885 0.979633
1890 0.977597
1895 0.977597
1900 0.977597
1905 0.977597
1910 0.979633
1915 0.979633
1920 0.979633
1925 0.979633
1930 0.979633
1935 0.979633
1940 0.981670
1945 0.981670
1950 0.981670
1955 0.981670
1960 0.981670
1965 0.981670
1970 0.981670
1975 0.981670
1980 0.983707
1985 0.983707
1990 0.983707
1995 0.985743
2000 0.985743
2005 0.985743
2010 0.983707
2015 0.983707
2020 0.983707
2025 0.983707
2030 0.983707
2035 0.985743
2040 0.983707
2045 0.983707
2050 0.983707
2055 0.983707
2060 0.983707
2065 0.983707
2070 0.983707
2075 0.983707
2080 0.985743
2085 0.985743
2090 0.985743
2095 0.985743
2100 0.985743
2105 0.985743
2110 0.987780
2115 0.987780
2120 0.987780
2125 0.987780
2130 0.987780
2135 0.987780
2140 0.987780
2145 0.987780
2150 0.987780
2155 0.989817
2160 0.989817
2165 0.989817
2170 0.989817
2175 0.987780
2180 0.989817
2185 0.987780
2190 0.989817
2195 0.989817
2200 0.989817
2205 0.989817
2210 0.989817
2215 0.989817
2220 0.989817
2225 0.989817
2230 0.991853
2235 0.991853
2240 0.991853
2245 0.991853
2250 0.989817
2255 0.991853
2260 0.991853
2265 0.991853
2270 0.991853
2275 0.993890
2280 0.991853
2285 0.993890
2290 0.993890
2295 0.991853
2300 0.993890
2305 0.993890
2310 0.993890
2315 0.993890
2320 0.993890
2325 0.995927
2330 0.995927
2335 0.995927
2340 0.997963
2345 0.997963
2350 0.997963
2355 0.997963
2360 0.995927
2365 0.995927
2370 0.995927
2375 0.995927
2380 0.995927
2385 0.995927
2390 0.997963
2395 1.000000
2400 0.997963
2405 0.997963
2410 0.997963
2415 0.997963
2420 0.997963
2425 0.997963
2430 1.000000
2435 0.997963
2440 0.997963
2445 0.997963
2450 1.000000
2455 1.000000
2460 1.000000
2465 1.000000
2470 1.002037
2475 1.000000
2480 1.000000
2485 1.000000
