0 0.012407
5 0.022333
10 0.196030
15 0.277916
20 0.347395
25 0.310174
30 0.300248
35 0.292804
40 0.280397
45 0.295285
50 0.305211
55 0.310174
60 0.330025
65 0.352357
70 0.374690
75 0.424318
80 0.426799
85 0.429280
90 0.431762
95 0.429280
100 0.431762
105 0.436725
110 0.446650
115 0.461538
120 0.466501
125 0.481390
130 0.491315
135 0.526055
140 0.540943
145 0.553350
150 0.573201
155 0.580645
160 0.578164
165 0.573201
170 0.570720
175 0.575682
180 0.590571
185 0.610422
190 0.640199
195 0.662531
200 0.684864
205 0.697270
210 0.697270
215 0.682382
220 0.674938
225 0.669975
230 0.667494
235 0.684864
240 0.709677
245 0.729529
250 0.751861
255 0.759305
260 0.769231
265 0.764268
270 0.759305
275 0.749380
280 0.744417
285 0.741935
290 0.744417
295 0.749380
300 0.761787
305 0.769231
310 0.776675
315 0.786600
320 0.786600
325 0.786600
330 0.786600
335 0.786600
340 0.779156
345 0.781638
350 0.791563
355 0.803970
360 0.806452
365 0.821340
370 0.823821
375 0.831266
380 0.831266
385 0.831266
390 0.828784
395 0.828784
400 0.826303
405 0.826303
410 0.828784
415 0.831266
420 0.836228
425 0.838710
430 0.833747
435 0.836228
440 0.843672
445 0.846154
450 0.843672
455 0.846154
460 0.843672
465 0.843672
470 0.846154
475 0.848635
480 0.851117
485 0.853598
490 0.858561
495 0.858561
500 0.858561
505 0.858561
510 0.858561
515 0.851117
520 0.851117
525 0.851117
530 0.861042
535 0.861042
540 0.866005
545 0.866005
550 0.868486
555 0.870968
560 0.870968
565 0.870968
570 0.870968
575 0.873449
580 0.870968
585 0.875931
590 0.875931
595 0.875931
600 0.878412
605 0.880893
610 0.880893
615 0.883375
620 0.883375
625 0.883375
630 0.885856
635 0.885856
640 0.885856
645 0.885856
650 0.888337
655 0.888337
660 0.888337
665 0.888337
670 0.890819
675 0.895782
680 0.895782
685 0.898263
690 0.898263
695 0.898263
700 0.898263
705 0.890819
710 0.898263
715 0.900744
720 0.903226
725 0.905707
730 0.908189
735 0.908189
740 0.908189
745 0.908189
750 0.908189
755 0.910670
760 0.910670
765 0.910670
770 0.913151
775 0.908189
780 0.908189
785 0.908189
790 0.918114
795 0.918114
800 0.918114
805 0.920596
810 0.920596
815 0.923077
820 0.923077
825 0.925558
830 0.928040
835 0.930521
840 0.930521
845 0.930521
850 0.923077
855 0.923077
860 0.930521
865 0.930521
870 0.933002
875 0.935484
880 0.937965
885 0.937965
890 0.937965
895 0.937965
900 0.937965
905 0.937965
910 0.937965
915 0.937965
920 0.940447
925 0.940447
930 0.940447
935 0.942928
940 0.942928
945 0.942928
950 0.942928
955 0.942928
960 0.942928
965 0.942928
970 0.942928
975 0.942928
980 0.937965
985 0.945409
990 0.945409
995 0.945409
1000 0.945409
1005 0.947891
1010 0.947891
1015 0.947891
1020 0.947891
1025 0.950372
1030 0.950372
1035 0.950372
1040 0.950372
1045 0.950372
1050 0.950372
1055 0.950372
1060 0.950372
1065 0.950372
1070 0.950372
1075 0.950372
1080 0.952854
1085 0.952854
1090 0.952854
1095 0.952854
1100 0.955335
1105 0.955335
1110 0.952854
1115 0.952854
1120 0.952854
1125 0.955335
1130 0.947891
1135 0.947891
1140 0.955335
1145 0.955335
1150 0.955335
1155 0.955335
1160 0.957816
1165 0.955335
1170 0.957816
1175 0.955335
1180 0.957816
1185 0.957816
1190 0.960298
1195 0.960298
1200 0.960298
1205 0.960298
1210 0.960298
1215 0.960298
1220 0.960298
1225 0.960298
1230 0.960298
1235 0.960298
1240 0.960298
1245 0.962779
1250 0.962779
1255 0.962779
1260 0.962779
1265 0.962779
1270 0.962779
1275 0.962779
1280 0.962779
1285 0.962779
1290 0.962779
1295 0.962779
1300 0.965261
1305 0.962779
1310 0.965261
1315 0.965261
1320 0.965261
1325 0.965261
1330 0.965261
1335 0.957816
1340 0.957816
1345 0.960298
1350 0.967742
1355 0.967742
1360 0.967742
1365 0.967742
1370 0.967742
1375 0.967742
1380 0.967742
1385 0.967742
1390 0.970223
1395 0.967742
1400 0.970223
1405 0.977667
1410 0.977667
1415 0.977667
1420 0.980149
1425 0.980149
1430 0.980149
1435 0.982630
1440 0.980149
1445 0.980149
1450 0.980149
1455 0.980149
1460 0.980149
1465 0.980149
1470 0.980149
1475 0.982630
1480 0.982630
1485 0.985112
1490 0.985112
1495 0.982630
1500 0.982630
1505 0.982630
1510 0.977667
1515 0.975186
1520 0.977667
1525 0.977667
1530 0.977667
1535 0.977667
1540 0.980149
1545 0.980149
1550 0.980149
1555 0.980149
1560 0.980149
1565 0.980149
1570 0.980149
1575 0.980149
1580 0.980149
1585 0.982630
1590 0.982630
1595 0.982630
1600 0.982630
1605 0.982630
1610 0.982630
1615 0.982630
1620 0.990074
1625 0.990074
1630 0.985112
1635 0.982630
1640 0.985112
1645 0.982630
1650 0.985112
1655 0.985112
1660 0.985112
1665 0.992556
1670 0.992556
1675 0.992556
1680 0.992556
1685 0.985112
1690 0.985112
1695 0.987593
1700 0.985112
1705 0.995037
1710 0.985112
1715 0.987593
1720 0.987593
1725 0.987593
1730 0.987593
1735 0.987593
1740 0.987593
1745 0.987593
1750 0.987593
1755 0.995037
1760 0.995037
1765 0.995037
1770 0.997519
1775 0.997519
1780 0.997519
1785 0.990074
1790 0.990074
1795 0.990074
1800 0.997519
1805 0.990074
1810 0.990074
1815 0.990074
1820 0.990074
1825 0.990074
1830 0.990074
1835 0.992556
1840 0.990074
1845 0.992556
1850 0.990074
1855 0.992556
1860 0.992556
1865 0.992556
1870 0.992556
1875 0.992556
1880 0.992556
1885 0.992556
1890 0.992556
1895 0.992556
1900 0.992556
1905 0.992556
1910 0.992556
1915 0.992556
1920 0.992556
1925 0.992556
1930 0.992556
1935 0.992556
1940 1.000000
1945 1.000000
1950 1.000000
1955 1.000000
1960 1.000000
1965 1.000000
1970 1.000000
1975 1.000000
1980 1.000000
1985 1.000000
1990 1.000000
1995 1.000000
2000 1.002481
2005 1.000000
2010 1.002481
2015 1.000000
2020 0.995037
2025 0.995037
2030 0.995037
2035 0.995037
2040 0.995037
2045 0.995037
2050 0.995037
2055 0.995037
2060 1.002481
2065 1.002481
2070 1.002481
2075 1.002481
2080 1.002481
2085 1.002481
2090 0.995037
2095 0.995037
2100 0.995037
2105 0.995037
2110 0.995037
2115 0.995037
2120 0.995037
2125 0.995037
2130 0.995037
2135 0.995037
2140 0.997519
2145 0.997519
2150 0.997519
2155 0.997519
2160 0.997519
2165 0.997519
2170 0.997519
2175 0.995037
2180 0.995037
2185 0.997519
2190 1.002481
2195 1.004963
2200 1.004963
2205 1.004963
2210 1.004963
2215 1.004963
2220 1.004963
2225 1.004963
2230 0.997519
2235 0.997519
2240 0.997519
2245 0.997519
2250 0.997519
2255 0.997519
2260 1.000000
2265 0.997519
2270 1.000000
2275 0.997519
2280 0.997519
2285 0.997519
2290 1.004963
2295 1.004963
2300 1.004963
2305 1.004963
2310 1.004963
2315 1.004963
2320 1.004963
2325 1.007444
2330 1.007444
2335 1.007444
2340 1.004963
2345 1.007444
2350 1.007444
2355 1.007444
2360 1.007444
2365 1.007444
2370 1.007444
2375 1.007444
2380 1.007444
2385 1.007444
2390 1.000000
2395 1.000000
