0 0.000000
5 -0.000401
10 0.000456
15 -0.000858
20 -0.000401
25 -0.000858
30 -0.000401
35 -0.000401
40 -0.000858
45 -0.000401
50 -0.000401
55 -0.001259
60 -0.000401
65 -0.000858
70 -0.000401
75 -0.000401
80 -0.001259
85 -0.001259
90 -0.001259
95 -0.001259
100 -0.001259
105 -0.296395
110 -0.071824
115 1.028275
120 0.971204
125 0.917564
130 0.851053
135 0.837131
140 0.742293
145 0.734790
150 0.620421
155 0.443375
160 0.387193
165 0.418143
170 0.229400
175 -0.160802
180 -0.157393
185 -0.232259
190 -0.351597
195 -0.650380
200 -0.759983
205 -0.669434
210 -0.610469
215 -0.585803
220 -0.574478
225 -0.576208
230 -0.582359
235 -0.594688
240 -0.593759
245 -0.602899
250 -0.567829
255 -0.570445
260 -0.620024
265 -0.623693
270 -0.731078
275 -1.150101
280 -1.256019
285 -1.143156
290 -1.095547
295 -1.074305
300 -0.990691
305 -1.078434
310 -1.419975
315 -1.689173
320 -1.739813
325 -1.780505
330 -1.809083
335 -1.831326
340 -1.794310
345 -1.673481
350 -1.587385
355 -1.664388
360 -1.789535
365 -1.944331
370 -2.063017
375 -2.248047
380 -2.335815
385 -2.499786
390 -2.651065
395 -2.578016
400 -2.769437
405 -2.591899
410 -2.602130
415 -2.649168
420 -2.678326
425 -3.008641
430 -2.789738
435 -2.761905
440 -2.739667
445 -2.761905
450 -2.909312
455 -3.079937
460 -2.878111
465 -2.949262
470 -3.026605
475 -3.193032
480 -3.172304
485 -3.599606
490 -3.901454
495 -4.120021
500 -4.234492
505 -4.163156
510 -4.044969
515 -4.044969
520 -3.937228
525 -3.839102
530 -3.839102
535 -3.818113
540 -3.911076
545 -3.976291
550 -3.976291
555 -3.976291
560 -3.882736
565 -3.939341
570 -3.939341
575 -4.029150
580 -4.075052
585 -3.976291
590 -4.075052
595 -3.983007
600 -3.566065
605 -3.818113
610 -4.044969
615 -4.075052
620 -4.075052
625 -4.029150
630 -4.176827
635 -4.120021
640 -4.120021
645 -4.163156
650 -4.044969
655 -4.044969
660 -3.937228
665 -3.818113
670 -3.818113
675 -3.637153
680 -3.637153
685 -3.749478
690 -3.960657
695 -4.075230
700 -3.980814
705 -3.873513
710 -3.777263
715 -3.690131
720 -3.690131
725 -3.777263
730 -3.980814
735 -4.239213
740 -4.239213
745 -4.239213
750 -4.101661
755 -4.239213
760 -4.239213
765 -4.101661
770 -4.123391
775 -4.101661
780 -4.101661
785 -3.882736
790 -3.717294
795 -3.770396
800 -3.777263
805 -3.679693
810 -3.610618
815 -3.537546
820 -3.617514
825 -3.547574
830 -3.622509
835 -3.799334
840 -4.016638
845 -4.149634
850 -4.016638
855 -3.901238
860 -3.901238
865 -3.550117
870 -3.550117
875 -3.426295
880 -3.486919
885 -3.551322
890 -3.770396
895 -3.852705
900 -3.939341
905 -3.901454
910 -3.901454
915 -3.789295
920 -3.821429
925 -3.901454
930 -4.127459
935 -3.937133
940 -4.127459
945 -4.243197
950 -4.243197
955 -4.200794
960 -4.200794
965 -4.200794
970 -4.279854
975 -4.331243
980 -4.428744
985 -4.428744
990 -5.107271
995 -6.258304
1000 -5.709331
1005 -5.601272
1010 -5.601272
1015 -5.656244
1020 -5.380947
1025 -5.601272
1030 -4.999212
1035 -5.380947
1040 -4.703721
1045 -4.475573
1050 -5.380947
1055 -5.160015
1060 -5.160015
1065 -5.304061
1070 -4.893584
1075 -4.860364
1080 -4.860364
1085 -5.160015
1090 -5.054184
1095 -4.967385
1100 -4.578351
1105 -4.665472
1110 -4.578351
1115 -4.665472
1120 -4.239213
1125 -4.578351
1130 -4.967385
1135 -5.054184
1140 -4.647029
1145 -4.397152
1150 -4.441162
1155 -4.269327
1160 -4.441162
1165 -4.893584
1170 -4.397152
1175 -4.893584
1180 -4.578351
1185 -5.160015
1190 -5.304061
1195 -4.778887
1200 -5.160015
1205 -5.054184
1210 -5.160015
1215 -5.160015
1220 -5.304061
1225 -4.269327
1230 -4.269327
1235 -5.304061
1240 -5.160015
1245 -4.647029
1250 -4.893584
1255 -4.647029
1260 -4.647029
1265 -4.647029
1270 -4.647029
1275 -4.893584
1280 -4.893584
1285 -4.893584
1290 -4.893584
1295 -5.160015
1300 -5.160015
1305 -5.380947
1310 -5.656244
1315 -5.380947
1320 -5.380947
1325 -4.703721
1330 -4.703721
1335 -4.703721
1340 -4.703721
1345 -4.999212
1350 -5.380947
1355 -5.656244
1360 -5.656244
1365 -4.999212
1370 -4.999212
1375 -4.703721
1380 -4.999212
1385 -4.703721
1390 -4.703721
1395 -4.647029
1400 -4.703721
1405 -4.703721
1410 -4.703721
1415 -4.999212
1420 -4.999212
1425 -4.999212
1430 -4.999212
1435 -4.999212
1440 -5.380947
1445 -4.999212
1450 -4.999212
1455 -5.380947
1460 -4.999212
1465 -5.380947
1470 -5.380947
1475 -5.077633
1480 -5.077633
1485 -5.077633
1490 -5.380947
1495 -6.258304
1500 -6.258304
1505 -6.258304
1510 -6.258304
1515 -4.999212
1520 -5.077633
1525 -5.077633
1530 -5.077633
1535 -5.601272
1540 -5.077633
1545 -5.077633
1550 -5.077633
1555 -5.077633
1560 -5.077633
1565 -5.077633
1570 -5.077633
1575 -5.077633
1580 -5.077633
1585 -5.656244
1590 -5.601272
1595 -5.601272
1600 -5.077633
1605 -5.077633
1610 -5.077633
1615 -5.077633
1620 -5.077633
1625 -5.077633
1630 -5.601272
1635 -5.601272
1640 -5.601272
1645 -5.601272
1650 -5.077633
1655 -5.601272
1660 -5.077633
1665 -5.601272
1670 -5.601272
1675 -5.601272
1680 -6.258304
1685 -5.601272
1690 -5.077633
1695 -6.258304
1700 -5.601272
1705 -5.601272
1710 -5.601272
1715 -5.601272
1720 -5.709331
1725 -6.258304
1730 -6.258304
1735 -5.077633
1740 -5.601272
1745 -5.709331
1750 -5.601272
1755 -5.107271
1760 -5.107271
1765 -5.077633
1770 -5.107271
1775 -5.077633
1780 -5.107271
1785 -5.077633
1790 -5.107271
1800 -6.258304
