0 0.024523
5 0.029973
10 0.027248
15 0.013624
20 0.013624
25 0.010899
30 0.008174
35 0.029973
40 0.059946
45 0.098093
50 0.098093
55 0.179837
60 0.509537
65 0.408719
70 0.343324
75 0.335150
80 0.321526
85 0.337875
90 0.337875
95 0.362398
100 0.384196
105 0.392371
110 0.381471
115 0.392371
120 0.444142
125 0.441417
130 0.441417
135 0.471390
140 0.523161
145 0.536785
150 0.536785
155 0.599455
160 0.626703
165 0.637602
170 0.670300
175 0.692098
180 0.711172
185 0.749319
190 0.749319
195 0.771117
200 0.820163
205 0.833787
210 0.798365
215 0.803815
220 0.820163
225 0.825613
230 0.828338
235 0.833787
240 0.839237
245 0.847411
250 0.847411
255 0.847411
260 0.850136
265 0.850136
270 0.852861
275 0.855586
280 0.855586
285 0.855586
290 0.858311
295 0.861035
300 0.861035
305 0.861035
310 0.874659
315 0.874659
320 0.874659
325 0.891008
330 0.891008
335 0.893733
340 0.896458
345 0.896458
350 0.899183
355 0.899183
360 0.901907
365 0.901907
370 0.901907
375 0.901907
380 0.901907
385 0.904632
390 0.904632
395 0.904632
400 0.899183
405 0.901907
410 0.907357
415 0.904632
420 0.907357
425 0.904632
430 0.904632
435 0.885559
440 0.915531
445 0.923706
450 0.871935
455 0.899183
460 0.907357
465 0.918256
470 0.934605
475 0.926431
480 0.942779
485 0.950954
490 0.956403
495 0.961853
500 0.967302
505 0.970027
510 0.978202
515 0.975477
520 0.972752
525 0.956403
530 0.961853
535 0.967302
540 0.975477
545 0.972752
550 0.959128
555 0.967302
560 0.964578
565 0.929155
570 0.929155
575 0.940054
580 0.934605
585 0.959128
590 0.970027
595 0.970027
600 0.967302
605 0.972752
610 0.980926
615 0.978202
620 0.937330
625 0.959128
630 0.964578
635 0.975477
640 0.972752
645 0.967302
650 0.967302
655 0.967302
660 0.970027
665 0.972752
670 0.978202
675 0.980926
680 0.989101
685 0.991826
690 0.994550
695 0.994550
700 0.997275
705 1.000000
710 1.000000
715 1.002725
720 1.000000
725 1.002725
730 1.000000
735 1.002725
740 1.002725
745 1.002725
750 0.986376
755 0.980926
760 0.980926
765 0.980926
770 0.980926
775 0.964578
780 0.961853
785 0.959128
790 0.959128
795 0.972752
800 0.970027
805 0.972752
810 0.972752
815 0.986376
820 0.970027
825 0.950954
830 0.934605
835 0.934605
840 0.940054
845 0.959128
850 0.956403
855 0.975477
860 0.983651
865 0.989101
870 0.991826
875 0.991826
880 0.991826
885 0.994550
890 0.991826
895 0.994550
900 0.994550
905 0.997275
910 0.997275
915 0.997275
920 0.997275
925 0.997275
930 0.994550
935 0.991826
940 0.989101
945 0.986376
950 0.991826
955 0.994550
960 0.997275
965 0.997275
970 0.997275
975 0.994550
980 0.997275
985 1.000000
990 1.000000
995 1.002725
1000 1.002725
1005 1.002725
1010 1.002725
1015 1.008174
1020 1.008174
1025 1.008174
1030 1.008174
1035 1.005450
1040 1.005450
1045 1.000000
1050 1.000000
1055 0.991826
1060 0.994550
1065 0.994550
1070 0.997275
1075 1.000000
1080 0.994550
1085 0.994550
1090 0.983651
1095 0.991826
1100 0.997275
1105 1.000000
1110 1.000000
1115 1.002725
1120 1.002725
1125 1.000000
1130 1.000000
1135 1.002725
1140 1.005450
1145 1.002725
1150 1.005450
1155 1.002725
1160 1.000000
1165 0.997275
1170 1.000000
1175 1.000000
1180 1.000000
1185 1.000000
1190 1.000000
1195 0.994550
1200 0.991826
1205 0.994550
1210 0.997275
1215 1.000000
1220 0.986376
1225 0.989101
1230 0.994550
1235 0.994550
1240 0.994550
1245 0.994550
1250 0.997275
1255 0.994550
1260 0.997275
1265 0.997275
1270 1.000000
1275 0.991826
1280 0.991826
1285 0.994550
1290 0.997275
1295 1.000000
1300 1.000000
1305 1.002725
1310 1.000000
1315 1.002725
1320 1.002725
1325 1.002725
1330 1.002725
1335 1.002725
1340 1.002725
1345 1.002725
1350 1.002725
1355 1.002725
1360 1.002725
1365 1.002725
1370 1.002725
1375 1.002725
1380 1.002725
1385 1.002725
1390 1.005450
1395 1.005450
1400 1.002725
1405 1.005450
1410 1.002725
1415 1.005450
1420 1.005450
1425 1.005450
1430 1.005450
1435 1.005450
1440 1.005450
1445 1.005450
1450 1.005450
1455 1.005450
1460 1.005450
1465 1.002725
1470 1.005450
1475 1.002725
1480 1.005450
1485 1.002725
1490 1.005450
1495 1.005450
1500 1.002725
1505 1.002725
1510 1.002725
1515 1.005450
1520 1.002725
1525 1.002725
1530 1.002725
1535 1.005450
1540 1.002725
1545 1.005450
1550 1.002725
1555 1.002725
1560 1.002725
1565 1.002725
1570 1.002725
1575 1.002725
1580 1.002725
1585 1.002725
1590 1.002725
1595 1.000000
1600 1.002725
1605 1.002725
1610 1.002725
1615 1.002725
1620 1.002725
1625 1.002725
1630 1.002725
1635 1.002725
1640 1.002725
1645 1.005450
1650 1.002725
1655 1.005450
1660 1.002725
1665 1.002725
1670 1.002725
1675 1.002725
1680 1.002725
1685 1.002725
1690 1.000000
1695 0.994550
1700 1.000000
1705 0.989101
1710 0.989101
1715 0.989101
1720 0.991826
1725 0.991826
1730 0.991826
1735 0.994550
1740 0.994550
1745 0.994550
1750 0.994550
1755 0.997275
1760 1.000000
1765 1.000000
1770 1.000000
1775 1.002725
1780 1.002725
1785 1.002725
1790 1.002725
1795 1.002725
1800 1.000000
1805 1.000000
1810 0.997275
1815 0.994550
1820 0.997275
1825 0.997275
1830 1.000000
1835 0.994550
1840 0.997275
1845 0.997275
1850 0.997275
1855 0.997275
1860 0.997275
1865 0.991826
1870 0.991826
1875 0.994550
1880 0.994550
1885 0.994550
1890 0.989101
1895 0.986376
1900 0.989101
1905 0.994550
1910 0.994550
1915 0.994550
1920 0.991826
1925 0.991826
1930 0.994550
1935 0.994550
1940 0.997275
1945 0.997275
1950 0.997275
1955 0.997275
1960 1.000000
1965 0.997275
1970 1.000000
1975 0.997275
1980 0.997275
1985 0.994550
1990 0.997275
1995 0.997275
2000 0.997275
2005 0.997275
2010 0.997275
2015 0.997275
2020 0.997275
2025 1.000000
2030 0.997275
2035 1.000000
2040 0.997275
2045 0.997275
2050 0.997275
2055 0.997275
2060 0.997275
2065 0.997275
2070 1.000000
2075 0.997275
2080 1.000000
2085 0.997275
2090 1.000000
2095 0.997275
2100 1.000000
2105 0.997275
2110 0.997275
2115 0.997275
2120 0.994550
2125 0.991826
2130 0.991826
2135 0.994550
2140 0.994550
2145 0.994550
2150 0.986376
2155 0.989101
2160 0.989101
2165 0.991826
2170 0.994550
2175 0.994550
2180 0.997275
2185 0.994550
2190 0.997275
2195 0.994550
2200 0.994550
2205 0.994550
2210 0.997275
2215 0.994550
2220 0.997275
2225 0.997275
2230 1.000000
2235 0.997275
2240 1.000000
2245 1.000000
2250 1.000000
2255 1.002725
2260 1.002725
2265 1.002725
2270 1.002725
2275 1.002725
2280 1.002725
2285 1.002725
2290 1.002725
2295 1.002725
2300 1.002725
2305 1.002725
2310 1.002725
2315 1.002725
2320 1.000000
2325 1.000000
2330 1.000000
2335 1.000000
2340 1.000000
2345 1.000000
2350 1.002725
2355 1.000000
2360 1.000000
2365 1.000000
2370 1.000000
2375 1.000000
2380 1.000000
2385 1.000000
2390 1.000000
2395 1.000000
2400 1.000000
2405 1.000000
2410 1.000000
2415 1.000000
2420 1.000000
2425 1.000000
2430 0.994550
2435 0.997275
2440 0.997275
2445 1.000000
2450 1.000000
2455 1.000000
