0 0.017937
5 1.650224
10 1.634529
15 1.448430
20 1.116592
25 0.863229
30 0.645740
35 0.464126
40 0.800448
45 0.708520
50 0.699552
55 0.692825
60 0.641256
65 0.569507
70 0.522422
75 0.455157
80 0.450673
85 0.466368
90 0.486547
95 0.526906
100 0.513453
105 0.614350
110 0.585202
115 0.538117
120 0.495516
125 0.511211
130 0.526906
135 0.661435
140 0.659193
145 0.607623
150 0.573991
155 0.571749
160 0.544843
165 0.538117
170 0.784753
175 0.973094
180 0.943946
185 0.863229
190 0.760090
195 0.721973
200 0.699552
205 0.683857
210 0.661435
215 0.661435
220 0.769058
225 0.773543
230 0.742152
235 0.724215
240 0.717489
245 0.715247
250 0.704036
255 0.697309
260 0.699552
265 0.704036
270 0.778027
275 0.771300
280 0.764574
285 0.751121
290 0.746637
295 0.744395
300 0.739910
305 0.757848
310 0.764574
315 0.766816
320 0.766816
325 0.883408
330 0.820628
335 0.800448
340 0.784753
345 0.766816
350 0.764574
355 0.769058
360 0.780269
365 0.804933
370 0.809417
375 0.825112
380 0.822870
385 0.809417
390 0.802691
395 0.800448
400 0.800448
405 0.800448
410 0.802691
415 0.802691
420 0.800448
425 0.802691
430 0.807175
435 0.811659
440 0.811659
445 0.811659
450 0.816143
455 0.820628
460 0.820628
465 0.820628
470 0.822870
475 0.822870
480 0.825112
485 0.825112
490 0.843049
495 0.847534
500 0.847534
505 0.843049
510 0.836323
515 0.838565
520 0.849776
525 0.849776
530 0.849776
535 0.849776
540 0.849776
545 0.849776
550 0.856502
555 0.860987
560 0.860987
565 0.863229
570 0.860987
575 0.860987
580 0.865471
585 0.867713
590 0.867713
595 0.867713
600 0.869955
605 0.869955
610 0.876682
615 0.874439
620 0.874439
625 0.872197
630 0.874439
635 0.876682
640 0.878924
645 0.881166
650 0.881166
655 0.881166
660 0.883408
665 0.885650
670 0.885650
675 0.894619
680 0.892377
685 0.890135
690 0.890135
695 0.890135
700 0.887892
705 0.887892
710 0.890135
715 0.894619
720 0.896861
725 0.908072
730 0.910314
735 0.910314
740 0.908072
745 0.905830
750 0.908072
755 0.910314
760 0.912556
765 0.910314
770 0.912556
775 0.912556
780 0.912556
785 0.912556
790 0.912556
795 0.912556
800 0.912556
805 0.914798
810 0.941704
815 0.943946
820 0.939462
825 0.930493
830 0.930493
835 0.928251
840 0.926009
845 0.923767
850 0.923767
855 0.928251
860 0.932735
865 0.939462
870 0.939462
875 0.939462
880 0.937220
885 0.937220
890 0.934978
895 0.937220
900 0.941704
905 0.939462
910 0.939462
915 0.939462
920 0.941704
925 0.941704
930 0.943946
935 0.943946
940 0.946188
945 0.948430
950 0.948430
955 0.946188
960 0.943946
965 0.943946
970 0.943946
975 0.937220
980 0.937220
985 0.937220
990 0.939462
995 0.939462
1000 0.948430
1005 0.941704
1010 0.950673
1015 0.948430
1020 0.948430
1025 0.950673
1030 0.950673
1035 0.950673
1040 0.950673
1045 0.950673
1050 0.950673
1055 0.957399
1060 0.957399
1065 0.957399
1070 0.955157
1075 0.957399
1080 0.959641
1085 0.957399
1090 0.957399
1095 0.957399
1100 0.957399
1105 0.959641
1110 0.961883
1115 0.961883
1120 0.961883
1125 0.961883
1130 0.961883
1135 0.961883
1140 0.959641
1145 0.961883
1150 0.961883
1155 0.961883
1160 0.961883
1165 0.964126
1170 0.966368
1175 0.966368
1180 0.966368
1185 0.964126
1190 0.966368
1195 0.966368
1200 0.966368
1205 0.968610
1210 0.970852
1215 0.970852
1220 0.970852
1225 0.970852
1230 0.968610
1235 0.968610
1240 0.968610
1245 0.968610
1250 0.968610
1255 0.968610
1260 0.968610
1265 0.968610
1270 0.970852
1275 0.970852
1280 0.973094
1285 0.973094
1290 0.973094
1295 0.973094
1300 0.970852
1305 0.973094
1310 0.973094
1315 0.973094
1320 0.973094
1325 0.973094
1330 0.973094
1335 0.973094
1340 0.973094
1345 0.973094
1350 0.973094
1355 0.973094
1360 0.975336
1365 0.973094
1370 0.975336
1375 0.975336
1380 0.975336
1385 0.975336
1390 0.975336
1395 0.975336
1400 0.975336
1405 0.975336
1410 0.975336
1415 0.975336
1420 0.975336
1425 0.975336
1430 0.977578
1435 0.975336
1440 0.977578
1445 0.977578
1450 0.977578
1455 0.977578
1460 0.977578
1465 0.977578
1470 0.977578
1475 0.977578
1480 0.977578
1485 0.977578
1490 0.977578
1495 0.979821
1500 0.979821
1505 0.979821
1510 0.977578
1515 0.979821
1520 0.979821
1525 0.979821
1530 0.979821
1535 0.979821
1540 0.979821
1545 0.979821
1550 0.982063
1555 0.979821
1560 0.982063
1565 0.982063
1570 0.982063
1575 0.982063
1580 0.982063
1585 0.982063
1590 0.982063
1595 0.982063
1600 0.982063
1605 0.984305
1610 0.982063
1615 0.984305
1620 0.984305
1625 0.984305
1630 0.984305
1635 0.984305
1640 0.984305
1645 0.984305
1650 0.984305
1655 0.984305
1660 0.984305
1665 0.984305
1670 0.984305
1675 0.984305
1680 0.984305
1685 0.984305
1690 0.984305
1695 0.984305
1700 0.984305
1705 0.984305
1710 0.984305
1715 0.986547
1720 0.986547
1725 0.986547
1730 0.986547
1735 0.984305
1740 0.986547
1745 0.984305
1750 0.986547
1755 0.984305
1760 0.986547
1765 0.986547
1770 0.986547
1775 0.986547
1780 0.986547
1785 0.986547
1790 0.986547
1795 0.988789
1800 0.986547
1805 0.988789
1810 0.986547
1815 0.986547
1820 0.988789
1825 0.988789
1830 0.988789
1835 0.988789
1840 0.988789
1845 0.988789
1850 0.991031
1855 0.991031
1860 0.991031
1865 0.991031
1870 0.988789
1875 0.991031
1880 0.988789
1885 0.988789
1890 0.988789
1895 0.991031
1900 0.991031
1905 0.991031
1910 0.991031
1915 0.991031
1920 0.991031
1925 0.991031
1930 0.991031
1935 0.988789
1940 0.991031
1945 0.991031
1950 0.993274
1955 0.993274
1960 0.993274
1965 0.993274
1970 0.991031
1975 0.993274
1980 0.991031
1985 0.993274
1990 0.991031
1995 0.993274
2000 0.991031
2005 0.993274
2010 0.993274
2015 0.991031
2020 0.993274
2025 0.991031
2030 0.993274
2035 0.995516
2040 0.997758
2045 0.995516
2050 0.995516
2055 0.995516
2060 0.993274
2065 0.995516
2070 0.993274
2075 0.993274
2080 0.993274
2085 0.995516
2090 0.995516
2095 0.997758
2100 0.995516
2105 0.995516
2110 0.995516
2115 0.995516
2120 0.995516
2125 0.993274
2130 0.995516
2135 0.995516
2140 0.997758
2145 0.995516
2150 0.995516
2155 0.995516
2160 0.995516
2165 0.995516
2170 0.995516
2175 0.997758
2180 0.995516
2185 0.997758
2190 0.995516
2195 0.997758
2200 0.997758
2205 0.995516
2210 0.997758
2215 0.995516
2220 0.997758
2225 0.995516
2230 0.997758
2235 0.995516
2240 0.997758
2245 0.995516
2250 0.997758
2255 0.997758
2260 0.997758
2265 0.997758
2270 0.997758
2275 0.997758
2280 0.997758
2285 0.997758
2290 0.997758
2295 0.997758
2300 0.997758
2305 0.997758
2310 1.000000
2315 0.997758
2320 0.997758
2325 0.997758
2330 0.997758
2335 0.997758
2340 1.000000
2345 0.997758
2350 1.000000
2355 0.997758
2360 0.997758
2365 1.000000
2370 1.000000
2375 1.000000
2380 1.000000
2385 1.000000
2390 0.997758
2395 1.000000
2400 0.997758
2405 1.000000
2410 1.000000
2415 1.000000
2420 1.000000
2425 0.997758
2430 1.000000
2435 0.997758
2440 1.000000
2445 0.997758
2450 1.000000
2455 1.000000
2460 1.000000
2465 1.000000
2470 0.997758
2475 1.000000
2480 0.997758
2485 1.000000
2490 0.997758
2495 1.000000
2500 0.997758
2505 1.000000
2510 1.000000
2515 1.000000
2520 1.000000
2525 1.000000
2530 1.000000
2535 1.000000
