0 0.010215
5 0.111264
10 0.051077
15 0.453341
20 0.765323
25 0.721149
30 0.630039
35 0.494754
40 0.392601
45 0.348426
50 0.337383
55 0.342904
60 0.373274
65 0.445058
70 0.525124
75 0.483711
80 0.497515
85 0.558255
90 0.583103
95 0.621756
100 0.718388
105 0.721149
110 0.701822
115 0.696300
120 0.671452
125 0.638321
130 0.641082
135 0.624517
140 0.621756
145 0.607951
150 0.607951
155 0.627278
160 0.646604
165 0.649365
170 0.652126
175 0.652126
180 0.646604
185 0.646604
190 0.660409
195 0.663170
200 0.663170
205 0.665930
210 0.668691
215 0.668691
220 0.679735
225 0.674213
230 0.682496
235 0.685257
240 0.679735
245 0.676974
250 0.665930
255 0.665930
260 0.668691
265 0.676974
270 0.682496
275 0.682496
280 0.696300
285 0.707344
290 0.721149
295 0.726670
300 0.726670
305 0.729431
310 0.726670
315 0.726670
320 0.721149
325 0.710105
330 0.712866
335 0.718388
340 0.737714
345 0.748758
350 0.754279
355 0.754279
360 0.754279
365 0.757040
370 0.754279
375 0.757040
380 0.759801
385 0.768084
390 0.765323
395 0.765323
400 0.768084
405 0.765323
410 0.754279
415 0.757040
420 0.759801
425 0.762562
430 0.762562
435 0.768084
440 0.781888
445 0.784649
450 0.787410
455 0.795693
460 0.795693
465 0.795693
470 0.792932
475 0.792932
480 0.795693
485 0.790171
490 0.787410
495 0.798454
500 0.803976
505 0.806737
510 0.809498
515 0.806737
520 0.803976
525 0.803976
530 0.806737
535 0.806737
540 0.809498
545 0.809498
550 0.812258
555 0.812258
560 0.812258
565 0.815019
570 0.815019
575 0.815019
580 0.817780
585 0.817780
590 0.817780
595 0.817780
600 0.817780
605 0.817780
610 0.820541
615 0.820541
620 0.823302
625 0.823302
630 0.826063
635 0.828824
640 0.831585
645 0.834346
650 0.834346
655 0.837107
660 0.839867
665 0.839867
670 0.842628
675 0.842628
680 0.842628
685 0.839867
690 0.842628
695 0.842628
700 0.845389
705 0.845389
710 0.848150
715 0.848150
720 0.848150
725 0.848150
730 0.842628
735 0.842628
740 0.845389
745 0.848150
750 0.850911
755 0.848150
760 0.850911
765 0.848150
770 0.848150
775 0.845389
780 0.848150
785 0.856433
790 0.861955
795 0.867477
800 0.870237
805 0.872998
810 0.872998
815 0.872998
820 0.867477
825 0.870237
830 0.867477
835 0.870237
840 0.881281
845 0.884042
850 0.886803
855 0.881281
860 0.881281
865 0.886803
870 0.889564
875 0.889564
880 0.889564
885 0.892325
890 0.892325
895 0.895086
900 0.895086
905 0.897846
910 0.900607
915 0.903368
920 0.903368
925 0.900607
930 0.903368
935 0.903368
940 0.903368
945 0.900607
950 0.900607
955 0.900607
960 0.903368
965 0.903368
970 0.897846
975 0.903368
980 0.900607
985 0.903368
990 0.906129
995 0.903368
1000 0.906129
1005 0.908890
1010 0.917173
1015 0.914412
1020 0.917173
1025 0.914412
1030 0.914412
1035 0.911651
1040 0.908890
1045 0.908890
1050 0.908890
1055 0.914412
1060 0.917173
1065 0.919934
1070 0.917173
1075 0.919934
1080 0.925456
1085 0.922695
1090 0.919934
1095 0.919934
1100 0.922695
1105 0.922695
1110 0.925456
1115 0.925456
1120 0.922695
1125 0.919934
1130 0.919934
1135 0.922695
1140 0.922695
1145 0.925456
1150 0.925456
1155 0.928216
1160 0.928216
1165 0.928216
1170 0.922695
1175 0.922695
1180 0.922695
1185 0.919934
1190 0.919934
1195 0.914412
1200 0.914412
1205 0.917173
1210 0.922695
1215 0.928216
1220 0.930977
1225 0.930977
1230 0.930977
1235 0.939260
1240 0.942021
1245 0.942021
1250 0.944782
1255 0.944782
1260 0.944782
1265 0.939260
1270 0.942021
1275 0.944782
1280 0.947543
1285 0.947543
1290 0.947543
1295 0.947543
1300 0.947543
1305 0.950304
1310 0.950304
1315 0.953065
1320 0.953065
1325 0.955826
1330 0.953065
1335 0.953065
1340 0.955826
1345 0.953065
1350 0.955826
1355 0.955826
1360 0.961347
1365 0.958586
1370 0.958586
1375 0.953065
1380 0.958586
1385 0.958586
1390 0.961347
1395 0.961347
1400 0.961347
1405 0.961347
1410 0.955826
1415 0.958586
1420 0.958586
1425 0.961347
1430 0.961347
1435 0.961347
1440 0.964108
1445 0.964108
1450 0.964108
1455 0.961347
1460 0.964108
1465 0.961347
1470 0.964108
1475 0.964108
1480 0.964108
1485 0.964108
1490 0.964108
1495 0.964108
1500 0.964108
1505 0.966869
1510 0.964108
1515 0.966869
1520 0.964108
1525 0.964108
1530 0.966869
1535 0.966869
1540 0.964108
1545 0.961347
1550 0.961347
1555 0.961347
1560 0.961347
1565 0.961347
1570 0.961347
1575 0.964108
1580 0.964108
1585 0.964108
1590 0.964108
1595 0.964108
1600 0.961347
1605 0.964108
1610 0.961347
1615 0.964108
1620 0.964108
1625 0.964108
1630 0.964108
1635 0.964108
1640 0.964108
1645 0.964108
1650 0.964108
1655 0.964108
1660 0.964108
1665 0.964108
1670 0.964108
1675 0.964108
1680 0.964108
1685 0.966869
1690 0.966869
1695 0.966869
1700 0.966869
1705 0.966869
1710 0.966869
1715 0.964108
1720 0.964108
1725 0.961347
1730 0.961347
1735 0.964108
1740 0.966869
1745 0.966869
1750 0.969630
1755 0.966869
1760 0.966869
1765 0.966869
1770 0.964108
1775 0.966869
1780 0.964108
1785 0.966869
1790 0.964108
1795 0.966869
1800 0.966869
1805 0.969630
1810 0.969630
1815 0.966869
1820 0.966869
1825 0.964108
1830 0.961347
1835 0.961347
1840 0.964108
1845 0.966869
1850 0.966869
1855 0.966869
1860 0.966869
1865 0.964108
1870 0.966869
1875 0.964108
1880 0.964108
1885 0.966869
1890 0.966869
1895 0.969630
1900 0.966869
1905 0.969630
1910 0.966869
1915 0.961347
1920 0.964108
1925 0.966869
1930 0.969630
1935 0.969630
1940 0.972391
1945 0.969630
1950 0.966869
1955 0.961347
1960 0.953065
1965 0.953065
1970 0.950304
1975 0.950304
1980 0.955826
1985 0.964108
1990 0.966869
1995 0.966869
2000 0.964108
2005 0.961347
2010 0.964108
2015 0.966869
2020 0.977913
2025 0.977913
2030 0.977913
2035 0.975152
2040 0.975152
2045 0.969630
2050 0.969630
2055 0.958586
2060 0.961347
2065 0.964108
2070 0.969630
2075 0.969630
2080 0.969630
2085 0.975152
2090 0.972391
2095 0.972391
2100 0.966869
2105 0.975152
2110 0.983435
2115 0.983435
2120 0.986195
2125 0.988956
2130 0.986195
2135 0.983435
2140 0.980674
2145 0.980674
2150 0.977913
2155 0.977913
2160 0.977913
2165 0.980674
2170 0.986195
2175 0.988956
2180 0.986195
2185 0.983435
2190 0.977913
2195 0.977913
2200 0.983435
2205 0.983435
2210 0.983435
2215 0.983435
2220 0.988956
2225 0.988956
2230 0.991717
2235 0.988956
2240 0.991717
2245 0.988956
2250 0.997239
2255 0.997239
2260 1.000000
2265 1.000000
2270 1.000000
2275 1.000000
2280 1.000000
2285 0.997239
2290 0.986195
2295 0.991717
2300 0.988956
2305 0.980674
2310 0.972391
2315 0.975152
2320 0.980674
2325 0.986195
2330 0.991717
2335 0.994478
2340 0.997239
2345 0.994478
2350 0.997239
2355 0.997239
2360 1.000000
2365 0.997239
2370 0.994478
2375 0.997239
2380 1.000000
2385 1.000000
2390 0.997239
2395 0.994478
2400 0.983435
2405 0.986195
2410 0.988956
2415 0.991717
2420 0.988956
2425 0.986195
2430 0.988956
2435 0.991717
2440 1.000000
2445 0.997239
2450 1.000000
2455 1.000000
2460 0.997239
2465 0.991717
2470 0.994478
2475 1.000000
2480 0.994478
2485 0.997239
2490 0.997239
2495 0.997239
2500 0.997239
2505 1.000000
2510 1.000000
2515 0.994478
2520 0.994478
2525 0.994478
2530 1.002761
2535 1.005522
2540 1.002761
2545 1.000000
2550 1.000000
