0 0.014503
5 0.059947
10 0.071791
15 0.108291
20 0.112884
25 0.231810
30 0.221658
35 0.320764
40 0.355330
45 0.382161
50 0.403432
55 0.518733
60 0.612279
65 0.639594
70 0.671259
75 0.678511
80 0.678269
85 0.681653
90 0.682379
95 0.679478
100 0.679478
105 0.685521
110 0.694465
115 0.706309
120 0.714044
125 0.717670
130 0.721779
135 0.737491
140 0.747401
145 0.751027
150 0.748127
155 0.752236
160 0.754895
165 0.758521
170 0.755620
175 0.787769
180 0.784385
185 0.778584
190 0.788011
195 0.793570
200 0.793328
205 0.794779
210 0.800097
215 0.800822
220 0.802514
225 0.802997
230 0.805173
235 0.804931
240 0.807107
245 0.816534
250 0.829828
255 0.852067
260 0.870921
265 0.885182
270 0.917090
275 0.927000
280 0.928692
285 0.930626
290 0.935460
295 0.938119
300 0.937153
305 0.934010
310 0.933527
315 0.930384
320 0.936669
325 0.941020
330 0.939811
335 0.939086
340 0.948513
345 0.953348
350 0.953831
355 0.956974
360 0.958666
365 0.957941
370 0.958424
375 0.959874
380 0.960841
385 0.962292
390 0.962050
395 0.962775
400 0.963984
405 0.963984
410 0.968576
415 0.974136
420 0.977762
425 0.978487
430 0.979454
435 0.979937
440 0.981146
445 0.978245
450 0.978729
455 0.979937
460 0.976795
465 0.977762
470 0.978245
475 0.979454
480 0.979937
485 0.982354
490 0.980904
495 0.978003
500 0.981387
505 0.981871
510 0.981629
515 0.982596
520 0.982838
525 0.982838
530 0.983080
535 0.983321
540 0.983563
545 0.984046
550 0.984772
555 0.985013
560 0.989606
565 0.989606
570 0.989364
575 0.989606
580 0.990331
585 0.992990
590 0.992990
595 0.992990
600 0.992748
605 0.993232
610 0.993715
615 0.993957
620 0.991056
625 0.991298
630 0.991298
635 0.991298
640 0.991540
645 0.991781
650 0.991781
655 0.992265
660 0.992265
665 0.992265
670 0.992265
675 0.992507
680 0.992748
685 0.992990
690 0.993232
695 0.993232
700 0.993232
705 0.993232
710 0.993232
715 0.996374
720 0.997825
725 0.996374
730 0.996374
735 0.996374
740 0.996132
745 0.996374
750 0.996132
755 0.996132
760 0.996374
765 0.997583
770 0.997099
775 0.996858
780 0.996858
785 0.996616
790 0.996616
795 0.994199
800 0.994682
805 0.994682
810 0.994924
815 0.995407
820 0.994924
825 0.994924
830 0.994682
835 0.994682
840 0.994924
845 0.994924
850 0.994440
855 0.997583
860 0.997825
865 0.997825
870 0.998066
875 0.998066
880 0.998066
885 0.994924
890 0.992507
895 0.992990
900 0.992507
905 0.992507
910 0.992507
915 0.992507
920 0.992265
925 0.995649
930 0.996616
935 0.996374
940 0.996374
945 0.996374
950 0.997825
955 0.996374
960 0.996374
965 0.996374
970 0.996132
975 0.995891
980 0.996132
985 0.996132
990 0.999275
995 1.000967
1000 0.999275
1005 0.999275
1010 0.999275
1015 0.999517
1020 0.999275
1025 0.999517
1030 0.999517
1035 0.999517
1040 1.000967
1045 0.999758
1050 0.999517
1055 0.999275
1060 0.999275
1065 0.998550
1070 0.999033
1075 0.999275
1080 0.999275
1085 1.000725
1090 0.999275
1095 0.999517
1100 0.999758
1105 0.999517
1110 0.999758
1115 0.999758
1120 0.999758
1125 0.999758
1130 1.000000
1135 0.999517
1140 0.999758
1145 0.999758
1150 0.996616
1155 0.995891
1160 0.996616
1165 0.999758
1170 0.999758
1175 1.000725
1180 1.000000
1185 0.996616
1190 0.996858
1195 0.997099
1200 0.997341
1205 0.997099
1210 0.997099
1215 0.996858
1220 0.998066
1225 0.997099
1230 0.997099
1235 1.000242
1240 1.000000
1245 1.000000
1250 1.000000
1255 1.000000
1260 0.999758
1265 1.000967
1270 0.999758
1275 0.999758
1280 0.999758
1285 0.999758
1290 0.999517
1295 0.999758
1300 1.000000
1305 1.000000
1310 1.000967
1315 1.000000
1320 0.999758
1325 0.999758
1330 0.999758
1335 0.999758
1340 0.999758
1345 0.999758
1350 1.000000
1355 1.000242
1360 1.000000
1365 0.996858
1370 0.996858
1375 0.996858
1380 0.997099
1385 0.997099
1390 0.997099
1395 0.996858
1400 1.000242
1405 1.000000
1410 1.000000
1415 1.000000
1420 0.999758
1425 0.999275
1430 0.999758
1435 0.999758
1440 0.999758
1445 1.001209
1450 0.999758
1455 0.999758
1460 0.999758
1465 0.999758
1470 0.999275
1475 0.999758
1480 1.000000
1485 1.000000
1490 1.001209
1495 1.000000
