0 0.031621
5 0.143171
10 0.426877
15 0.804567
20 1.109794
25 1.307422
30 1.259113
35 1.065876
40 0.881423
45 0.819939
50 0.833114
55 0.888011
60 0.936320
65 0.953887
70 0.986825
75 0.925340
80 0.883619
85 0.837505
90 0.811155
95 0.760650
100 0.723320
105 0.696970
110 0.688186
115 0.683794
120 0.685990
125 0.692578
130 0.694774
135 0.679403
140 0.670619
145 0.650856
150 0.642073
155 0.644269
160 0.659640
165 0.683794
170 0.707949
175 0.712341
180 0.712341
185 0.701361
190 0.692578
195 0.681599
200 0.685990
205 0.718928
210 0.732104
215 0.743083
220 0.745279
225 0.743083
230 0.738691
235 0.727712
240 0.723320
245 0.716733
250 0.712341
255 0.718928
260 0.738691
265 0.756258
270 0.762846
275 0.769433
280 0.776021
285 0.778217
290 0.778217
295 0.773825
300 0.769433
305 0.769433
310 0.769433
315 0.771629
320 0.776021
325 0.784805
330 0.789196
335 0.793588
340 0.797980
345 0.800176
350 0.800176
355 0.800176
360 0.802372
365 0.804567
370 0.808959
375 0.811155
380 0.815547
385 0.819939
390 0.824330
395 0.828722
400 0.828722
405 0.828722
410 0.828722
415 0.828722
420 0.830918
425 0.833114
430 0.835310
435 0.835310
440 0.837505
445 0.841897
450 0.844093
455 0.848485
460 0.850681
465 0.855072
470 0.859464
475 0.859464
480 0.861660
485 0.861660
490 0.861660
495 0.863856
500 0.863856
505 0.866052
510 0.868248
515 0.870444
520 0.874835
525 0.877031
530 0.879227
535 0.879227
540 0.879227
545 0.879227
550 0.879227
555 0.881423
560 0.883619
565 0.883619
570 0.885815
575 0.888011
580 0.890206
585 0.890206
590 0.892402
595 0.892402
600 0.894598
605 0.894598
610 0.896794
615 0.896794
620 0.901186
625 0.903382
630 0.905578
635 0.905578
640 0.907773
645 0.907773
650 0.907773
655 0.907773
660 0.907773
665 0.909969
670 0.909969
675 0.914361
680 0.914361
685 0.916557
690 0.916557
695 0.916557
700 0.916557
705 0.916557
710 0.918753
715 0.918753
720 0.918753
725 0.920949
730 0.920949
735 0.923144
740 0.923144
745 0.925340
750 0.925340
755 0.927536
760 0.931928
765 0.931928
770 0.931928
775 0.931928
780 0.934124
785 0.934124
790 0.936320
795 0.938516
800 0.938516
805 0.938516
810 0.938516
815 0.940711
820 0.940711
825 0.942907
830 0.942907
835 0.942907
840 0.945103
845 0.945103
850 0.947299
855 0.947299
860 0.947299
865 0.949495
870 0.949495
875 0.951691
880 0.951691
885 0.951691
890 0.951691
895 0.951691
900 0.953887
905 0.953887
910 0.953887
915 0.953887
920 0.953887
925 0.953887
930 0.956083
935 0.956083
940 0.956083
945 0.958278
950 0.958278
955 0.958278
960 0.958278
965 0.958278
970 0.958278
975 0.958278
980 0.960474
985 0.960474
990 0.960474
995 0.960474
1000 0.960474
1005 0.962670
1010 0.962670
1015 0.962670
1020 0.962670
1025 0.964866
1030 0.964866
1035 0.964866
1040 0.964866
1045 0.964866
1050 0.967062
1055 0.967062
1060 0.967062
1065 0.967062
1070 0.967062
1075 0.967062
1080 0.969258
1085 0.969258
1090 0.969258
1095 0.969258
1100 0.971454
1105 0.971454
1110 0.971454
1115 0.971454
1120 0.971454
1125 0.971454
1130 0.973650
1135 0.973650
1140 0.973650
1145 0.973650
1150 0.973650
1155 0.973650
1160 0.973650
1165 0.973650
1170 0.975845
1175 0.975845
1180 0.975845
1185 0.975845
1190 0.975845
1195 0.975845
1200 0.975845
1205 0.975845
1210 0.975845
1215 0.975845
1220 0.975845
1225 0.975845
1230 0.975845
1235 0.978041
1240 0.978041
1245 0.978041
1250 0.978041
1255 0.978041
1260 0.978041
1265 0.978041
1270 0.978041
1275 0.978041
1280 0.978041
1285 0.978041
1290 0.978041
1295 0.978041
1300 0.980237
1305 0.980237
1310 0.980237
1315 0.980237
1320 0.980237
1325 0.980237
1330 0.980237
1335 0.980237
1340 0.980237
1345 0.980237
1350 0.980237
1355 0.980237
1360 0.980237
1365 0.980237
1370 0.980237
1375 0.980237
1380 0.980237
1385 0.982433
1390 0.982433
1395 0.982433
1400 0.982433
1405 0.982433
1410 0.982433
1415 0.982433
1420 0.982433
1425 0.982433
1430 0.982433
1435 0.982433
1440 0.982433
1445 0.982433
1450 0.982433
1455 0.984629
1460 0.984629
1465 0.984629
1470 0.984629
1475 0.984629
1480 0.984629
1485 0.984629
1490 0.984629
1495 0.984629
1500 0.984629
1505 0.984629
1510 0.984629
1515 0.984629
1520 0.984629
1525 0.984629
1530 0.984629
1535 0.984629
1540 0.991217
1545 0.984629
1550 0.986825
1555 0.986825
1560 0.986825
1565 0.993412
1570 0.986825
1575 0.986825
1580 0.986825
1585 0.986825
1590 0.991217
1595 0.991217
1600 0.993412
1605 0.993412
1610 0.993412
1615 0.993412
1620 0.993412
1625 0.993412
1630 0.993412
1635 0.993412
1640 0.993412
1645 0.993412
1650 0.993412
1655 0.993412
1660 0.993412
1665 0.993412
1670 0.989021
1675 0.989021
1680 0.989021
1685 0.995608
1690 0.995608
1695 0.995608
1700 0.995608
1705 0.995608
1710 0.995608
1715 0.995608
1720 0.995608
1725 0.995608
1730 0.995608
1735 0.995608
1740 0.995608
1745 0.995608
1750 0.997804
1755 0.995608
1760 0.995608
1765 0.995608
1770 0.995608
1775 0.995608
1780 0.991217
1785 0.991217
1790 0.991217
1795 0.991217
1800 0.991217
1805 0.991217
1810 0.991217
1815 0.991217
1820 0.993412
1825 0.997804
1830 0.997804
1835 0.997804
1840 0.997804
1845 0.997804
1850 0.997804
1855 0.997804
1860 0.997804
1865 0.997804
1870 0.997804
1875 0.997804
1880 0.997804
1885 1.000000
1890 0.997804
1895 0.997804
1900 1.000000
1905 1.000000
1910 1.000000
1915 1.000000
1920 1.000000
1925 1.000000
1930 1.000000
1935 1.000000
1940 0.997804
1945 1.000000
1950 1.000000
1955 1.000000
1960 1.000000
1965 1.000000
1970 1.000000
1975 1.000000
1980 1.000000
1985 1.000000
1990 1.000000
1995 1.000000
2000 1.000000
2005 1.000000
2010 1.000000
