0 -0.006329
5 0.000000
10 0.050633
15 0.018987
20 0.012658
25 0.006329
30 0.012658
35 0.050633
40 0.107595
45 0.151899
50 0.151899
55 0.151899
60 0.145570
65 0.158228
70 0.202532
75 0.215190
80 0.170886
85 0.164557
90 0.158228
95 0.170886
100 0.202532
105 0.196203
110 0.189873
115 0.196203
120 0.196203
125 0.189873
130 0.183544
135 0.177215
140 0.177215
145 0.196203
150 0.202532
155 0.196203
160 0.196203
165 0.196203
170 0.202532
175 0.221519
180 0.215190
185 0.208861
190 0.196203
195 0.189873
200 0.196203
205 0.189873
210 0.196203
215 0.189873
220 0.189873
225 0.183544
230 0.189873
235 0.189873
240 0.189873
245 0.196203
250 0.189873
255 0.189873
260 0.177215
265 0.177215
270 0.177215
275 0.170886
280 0.177215
285 0.170886
290 0.177215
295 0.170886
300 0.170886
305 0.164557
310 0.164557
315 0.164557
320 0.164557
325 0.164557
330 0.164557
335 0.164557
340 0.170886
345 0.164557
350 0.170886
355 0.170886
360 0.170886
365 0.170886
370 0.170886
375 0.170886
380 0.164557
385 0.164557
390 0.164557
395 0.158228
400 0.164557
405 0.158228
410 0.158228
415 0.158228
420 0.158228
425 0.158228
430 0.158228
435 0.158228
440 0.151899
445 0.145570
450 0.151899
455 0.145570
460 0.145570
465 0.145570
470 0.151899
475 0.145570
480 0.145570
485 0.145570
490 0.145570
495 0.145570
500 0.139241
505 0.145570
510 0.145570
515 0.139241
520 0.145570
525 0.139241
530 0.139241
535 0.139241
540 0.145570
545 0.145570
550 0.139241
555 0.139241
560 0.139241
565 0.139241
570 0.139241
575 0.132911
580 0.139241
585 0.132911
590 0.132911
595 0.132911
600 0.132911
605 0.132911
610 0.132911
615 0.139241
620 0.132911
625 0.139241
630 0.145570
635 0.145570
640 0.145570
645 0.145570
650 0.145570
655 0.139241
660 0.132911
665 0.139241
670 0.139241
675 0.139241
680 0.145570
685 0.139241
690 0.139241
695 0.151899
700 0.170886
705 0.170886
710 0.177215
715 0.170886
720 0.170886
725 0.170886
730 0.164557
735 0.164557
740 0.164557
745 0.170886
750 0.164557
755 0.164557
760 0.170886
765 0.170886
770 0.177215
775 0.170886
780 0.170886
785 0.170886
790 0.170886
795 0.177215
800 0.183544
805 0.183544
810 0.183544
815 0.183544
820 0.183544
825 0.183544
830 0.177215
835 0.177215
840 0.170886
845 0.170886
850 0.170886
855 0.164557
860 0.170886
865 0.170886
870 0.170886
875 0.208861
880 0.215190
885 0.208861
890 0.196203
895 0.189873
900 0.177215
905 0.183544
910 0.183544
915 0.196203
920 0.246835
925 0.303797
930 0.297468
935 0.253165
940 0.221519
945 0.221519
950 0.234177
955 0.227848
960 0.227848
965 0.234177
970 0.240506
975 0.234177
980 0.234177
985 0.227848
990 0.227848
995 0.240506
1000 0.316456
1005 0.316456
1010 0.310127
1015 0.297468
1020 0.297468
1025 0.291139
1030 0.284810
1035 0.284810
1040 0.284810
1045 0.303797
1050 0.335443
1055 0.297468
1060 0.278481
1065 0.278481
1070 0.284810
1075 0.316456
1080 0.329114
1085 0.348101
1090 0.348101
1095 0.341772
1100 0.379747
1105 0.335443
1110 0.322785
1115 0.322785
1120 0.316456
1125 0.329114
1130 0.449367
1135 0.525316
1140 0.531646
1145 0.544304
1150 0.531646
1155 0.487342
1160 0.468354
1165 0.449367
1170 0.443038
1175 0.436709
1180 0.443038
1185 0.493671
1190 0.493671
1195 0.443038
1200 0.430380
1205 0.424051
1210 0.468354
1215 0.474684
1220 0.455696
1225 0.449367
1230 0.443038
1235 0.455696
1240 0.487342
1245 0.487342
1250 0.481013
1255 0.474684
1260 0.481013
1265 0.474684
1270 0.474684
1275 0.474684
1280 0.481013
1285 0.487342
1290 0.525316
1295 0.537975
1300 0.531646
1305 0.525316
1310 0.518987
1315 0.518987
1320 0.518987
1325 0.518987
1330 0.518987
1335 0.512658
1340 0.506329
1345 0.500000
1350 0.500000
1355 0.487342
1360 0.487342
1365 0.481013
1370 0.481013
1375 0.481013
1380 0.481013
1385 0.481013
1390 0.474684
1395 0.474684
1400 0.468354
1405 0.468354
1410 0.468354
1415 0.462025
1420 0.462025
1425 0.468354
1430 0.474684
1435 0.474684
1440 0.481013
1445 0.512658
1450 0.518987
1455 0.512658
1460 0.506329
1465 0.500000
1470 0.493671
1475 0.493671
1480 0.506329
1485 0.506329
1490 0.537975
1495 0.601266
1500 0.626582
1505 0.594937
1510 0.632911
1515 0.702532
1520 0.683544
1525 0.607595
1530 0.607595
1535 0.601266
1540 0.607595
1545 0.639241
1550 0.658228
1555 0.639241
1560 0.664557
1565 0.734177
1570 0.765823
1575 0.784810
1580 0.734177
1585 0.677215
1590 0.645570
1595 0.626582
1600 0.613924
1605 0.620253
1610 0.613924
1615 0.613924
1620 0.626582
1625 0.658228
1630 0.664557
1635 0.670886
1640 0.664557
1645 0.651899
1650 0.651899
1655 0.645570
1660 0.645570
1665 0.651899
1670 0.689873
1675 0.708861
1680 0.702532
1685 0.702532
1690 0.702532
1695 0.715190
1700 0.721519
1705 0.677215
1710 0.651899
1715 0.626582
1720 0.626582
1725 0.626582
1730 0.626582
1735 0.620253
1740 0.632911
1745 0.689873
1750 0.734177
1755 0.721519
1760 0.677215
1765 0.670886
1770 0.683544
1775 0.715190
1780 0.708861
1785 0.708861
1790 0.740506
1795 0.765823
1800 0.816456
1805 0.841772
1810 0.835443
1815 0.822785
1820 0.797468
1825 0.791139
1830 0.740506
1835 0.696203
1840 0.702532
1845 0.702532
1850 0.708861
1855 0.759494
1860 0.772152
1865 0.759494
1870 0.746835
1875 0.829114
1880 0.867089
1885 0.860759
1890 0.810127
1895 0.784810
1900 0.765823
1905 0.759494
1910 0.753165
1915 0.746835
1920 0.746835
1925 0.753165
1930 0.803797
1935 0.797468
1940 0.791139
1945 0.797468
1950 0.816456
1955 0.816456
1960 0.810127
1965 0.803797
1970 0.797468
1975 0.803797
1980 0.835443
1985 0.829114
1990 0.829114
1995 0.867089
2000 0.905063
2005 0.930380
2010 0.936709
2015 0.930380
2020 0.917722
2025 0.892405
2030 0.886076
2035 0.886076
2040 0.886076
2045 0.892405
2050 0.898734
2055 0.930380
2060 0.949367
2065 0.949367
2070 0.943038
2075 0.949367
2080 0.943038
2085 0.936709
2090 0.930380
2095 0.924051
2100 0.930380
2105 0.930380
2110 0.936709
2115 0.936709
2120 0.943038
2125 0.943038
2130 0.949367
2135 0.949367
2140 0.949367
2145 0.949367
2150 0.949367
2155 0.949367
2160 0.949367
2165 0.955696
2170 0.955696
2175 0.962025
2180 0.962025
2185 0.968354
2190 0.962025
2195 0.962025
2200 0.962025
2205 0.955696
2210 0.955696
2215 0.943038
2220 0.949367
2225 0.949367
2230 0.955696
2235 0.962025
2240 0.962025
2245 0.962025
2250 0.968354
2255 0.974684
2260 0.968354
2265 0.974684
2270 0.974684
2275 0.974684
2280 0.974684
2285 0.974684
2290 0.974684
2295 0.968354
2300 0.974684
2305 0.968354
2310 0.974684
2315 0.974684
2320 0.987342
2325 1.006329
2330 1.018987
2335 1.025316
2340 1.025316
2345 1.012658
2350 1.000000
2355 0.987342
2360 0.987342
2365 0.993671
2370 0.987342
2375 1.000000
