0 -0.035522
5 -0.073448
10 -0.332447
15 -0.265575
20 0.130870
25 0.314484
30 0.578191
35 0.497120
40 0.459564
45 0.444163
50 0.380293
55 0.367225
60 0.430979
65 0.427473
70 0.485156
75 0.497186
80 0.547292
85 0.489539
90 0.407758
95 0.374597
100 0.383023
105 0.367006
110 0.320545
115 0.318491
120 0.315508
125 0.267816
130 0.321612
135 0.311798
140 0.238804
145 0.192336
150 0.106592
155 0.131901
160 0.079431
165 0.079431
170 0.060387
175 0.002365
180 -0.022893
185 -0.075070
190 -0.118269
195 -0.169548
200 -0.203001
205 -0.210346
210 -0.224904
215 -0.223905
220 -0.252207
225 -0.233574
230 -0.265561
235 -0.273523
240 -0.274846
245 -0.321006
250 -0.330217
255 -0.361669
260 -0.366047
265 -0.369325
270 -0.381043
275 -0.392487
280 -0.408449
285 -0.409686
290 -0.432478
295 -0.432706
300 -0.438507
305 -0.429797
310 -0.423843
315 -0.431048
320 -0.435784
325 -0.441081
330 -0.445663
335 -0.450183
340 -0.459392
345 -0.455081
350 -0.461836
355 -0.463785
360 -0.462887
365 -0.462485
370 -0.459122
375 -0.462485
380 -0.453604
385 -0.454065
390 -0.456619
395 -0.450605
400 -0.457196
405 -0.450499
410 -0.450388
415 -0.450388
420 -0.450605
425 -0.450246
430 -0.450499
435 -0.449974
440 -0.443140
445 -0.435475
450 -0.439396
455 -0.430969
460 -0.429643
465 -0.428936
470 -0.434895
475 -0.431887
480 -0.430320
485 -0.434683
490 -0.434683
495 -0.434009
500 -0.424965
505 -0.431282
510 -0.430969
515 -0.423004
520 -0.425822
525 -0.419168
530 -0.416532
535 -0.415599
540 -0.420806
545 -0.422257
550 -0.417438
555 -0.418317
560 -0.422653
565 -0.424340
570 -0.421928
575 -0.417758
580 -0.423349
585 -0.415331
590 -0.414574
595 -0.412139
600 -0.412979
605 -0.411710
610 -0.413790
615 -0.420393
620 -0.420369
625 -0.423004
630 -0.435654
635 -0.435990
640 -0.436697
645 -0.435288
650 -0.434683
655 -0.428316
660 -0.420870
665 -0.426128
670 -0.424340
675 -0.424340
680 -0.430320
685 -0.422294
690 -0.421928
695 -0.434518
700 -0.453343
705 -0.455638
710 -0.461800
715 -0.454525
720 -0.452518
725 -0.451662
730 -0.444365
735 -0.442532
740 -0.442532
745 -0.447942
750 -0.441572
755 -0.441081
760 -0.448433
765 -0.448433
770 -0.454856
775 -0.449392
780 -0.448916
785 -0.448916
790 -0.447942
795 -0.454357
800 -0.460819
805 -0.460819
810 -0.460819
815 -0.461822
820 -0.462313
825 -0.461822
830 -0.454856
835 -0.454856
840 -0.448433
845 -0.448916
850 -0.448916
855 -0.443463
860 -0.451223
865 -0.451662
870 -0.451662
875 -0.493491
880 -0.500730
885 -0.496710
890 -0.485161
895 -0.478734
900 -0.465424
905 -0.472054
910 -0.470166
915 -0.482803
920 -0.538226
925 -0.605495
930 -0.599589
935 -0.551203
940 -0.515883
945 -0.515424
950 -0.528213
955 -0.520544
960 -0.519585
965 -0.525207
970 -0.532290
975 -0.525207
980 -0.525207
985 -0.518546
990 -0.518901
995 -0.533392
1000 -0.625408
1005 -0.625025
1010 -0.618233
1015 -0.604963
1020 -0.605866
1025 -0.597903
1030 -0.590789
1035 -0.590789
1040 -0.590609
1045 -0.613256
1050 -0.653918
1055 -0.605657
1060 -0.582797
1065 -0.582599
1070 -0.591264
1075 -0.630898
1080 -0.647677
1085 -0.672564
1090 -0.672505
1095 -0.663632
1100 -0.715165
1105 -0.654896
1110 -0.638383
1115 -0.638699
1120 -0.630773
1125 -0.647111
1130 -0.818854
1135 -0.947614
1140 -0.959256
1145 -0.982589
1150 -0.957731
1155 -0.879844
1160 -0.848985
1165 -0.818384
1170 -0.808082
1175 -0.798296
1180 -0.808082
1185 -0.891074
1190 -0.891630
1195 -0.808937
1200 -0.789437
1205 -0.779579
1210 -0.848116
1215 -0.858205
1220 -0.826937
1225 -0.816647
1230 -0.806780
1235 -0.826937
1240 -0.879293
1245 -0.880311
1250 -0.869679
1255 -0.858963
1260 -0.869223
1265 -0.858478
1270 -0.858205
1275 -0.858205
1280 -0.868685
1285 -0.878986
1290 -0.945795
1295 -0.968760
1300 -0.957388
1305 -0.945437
1310 -0.934005
1315 -0.933633
1320 -0.934354
1325 -0.934678
1330 -0.934678
1335 -0.923670
1340 -0.912219
1345 -0.900902
1350 -0.900235
1355 -0.878658
1360 -0.877548
1365 -0.867364
1370 -0.866983
1375 -0.866983
1380 -0.866983
1385 -0.867364
1390 -0.856916
1395 -0.856544
1400 -0.846590
1405 -0.846227
1410 -0.846227
1415 -0.835657
1420 -0.835657
1425 -0.846227
1430 -0.856152
1435 -0.856544
1440 -0.867364
1445 -0.921972
1450 -0.933237
1455 -0.922720
1460 -0.911580
1465 -0.900235
1470 -0.889380
1475 -0.889022
1480 -0.910850
1485 -0.910850
1490 -0.967927
1495 -1.096228
1500 -1.152725
1505 -1.083926
1510 -1.170969
1515 -1.353359
1520 -1.300153
1525 -1.113397
1530 -1.113488
1535 -1.099593
1540 -1.113397
1545 -1.186401
1550 -1.233461
1555 -1.186573
1560 -1.249792
1565 -1.451687
1570 -1.561737
1575 -1.635326
1580 -1.451806
1585 -1.283177
1590 -1.201879
1595 -1.156139
1600 -1.127384
1605 -1.141557
1610 -1.127216
1615 -1.127009
1620 -1.155918
1625 -1.232695
1630 -1.248576
1635 -1.265409
1640 -1.248898
1645 -1.216788
1650 -1.216788
1655 -1.201167
1660 -1.200878
1665 -1.216144
1670 -1.316094
1675 -1.370721
1680 -1.352602
1685 -1.353012
1690 -1.353012
1695 -1.390679
1700 -1.409675
1705 -1.281890
1710 -1.216144
1715 -1.155358
1720 -1.155358
1725 -1.155358
1730 -1.155358
1735 -1.140802
1740 -1.169810
1745 -1.316094
1750 -1.449319
1755 -1.409136
1760 -1.281489
1765 -1.264688
1770 -1.298620
1775 -1.389717
1780 -1.370721
1785 -1.370163
1790 -1.469424
1795 -1.558688
1800 -1.768266
1805 -1.897023
1810 -1.861835
1815 -1.799685
1820 -1.684715
1825 -1.659014
1830 -1.470745
1835 -1.334379
1840 -1.352602
1845 -1.352602
1850 -1.371214
1855 -1.537039
1860 -1.584394
1865 -1.538584
1870 -1.494181
1875 -1.835521
1880 -2.053906
1885 -2.013355
1890 -1.744024
1895 -1.635326
1900 -1.561890
1905 -1.538777
1910 -1.516169
1915 -1.494181
1920 -1.494050
1925 -1.516169
1930 -1.715548
1935 -1.687771
1940 -1.660291
1945 -1.687431
1950 -1.773216
1955 -1.773465
1960 -1.744024
1965 -1.715548
1970 -1.687976
1975 -1.715330
1980 -1.867984
1985 -1.835234
1990 -1.835234
1995 -2.053906
2000 -2.344922
2005 -2.610395
2010 -2.681226
2015 -2.595262
2020 -2.460247
2025 -2.231446
2030 -2.185863
2035 -2.186938
2040 -2.186938
2045 -2.237205
2050 -2.289831
2055 -2.615559
2060 -2.892164
2065 -2.892164
2070 -2.789859
2075 -2.891074
2080 -2.788998
2085 -2.697646
2090 -2.614982
2095 -2.539497
2100 -2.613256
2105 -2.614982
2110 -2.695560
2115 -2.695560
2120 -2.786424
2125 -2.786424
2130 -2.887821
2135 -2.887821
2140 -2.887821
2145 -2.887821
2150 -2.891074
2155 -2.891074
2160 -2.891074
2165 -3.002484
2170 -3.006725
2175 -3.140106
2180 -3.140106
2185 -3.297619
2190 -3.140106
2195 -3.140106
2200 -3.134350
2205 -3.002484
2210 -3.002484
2215 -2.786424
2220 -2.887821
2225 -2.887821
2230 -3.002484
2235 -3.134350
2240 -3.134350
2245 -3.124923
2250 -3.289371
2255 -3.456615
2260 -3.289371
2265 -3.477106
2270 -3.477106
2275 -3.477106
2280 -3.477106
2285 -3.477106
2290 -3.477106
2295 -3.289371
2300 -3.477106
2305 -3.297619
2310 -3.489881
2315 -3.494224
2320 -4.096284
2325 -4.633582
2330 -3.714121
2335 -3.477106
2340 -3.477106
2345 -4.079166
2350 -5.492022
2355 -4.096284
2360 -4.096284
2365 -4.698344
