0 0.152849
5 0.215305
10 0.220771
15 0.229375
20 0.212876
25 0.213078
30 0.223909
35 0.223808
40 0.222593
45 0.217633
50 0.211864
55 0.206701
60 0.217836
65 0.234842
70 0.254479
75 0.285454
80 0.290110
85 0.281203
90 0.280696
95 0.292843
100 0.312380
105 0.303371
110 0.284948
115 0.268954
120 0.255694
125 0.260958
130 0.254580
135 0.238688
140 0.242535
145 0.242838
150 0.233424
155 0.227047
160 0.226845
165 0.234943
170 0.257212
175 0.264399
180 0.279279
185 0.309647
190 0.333839
195 0.317036
200 0.293754
205 0.285859
210 0.287276
215 0.344468
220 0.407025
225 0.391335
230 0.411378
235 0.420285
240 0.433951
245 0.450046
250 0.435064
255 0.433445
260 0.426258
265 0.425752
270 0.447717
275 0.463508
280 0.479603
285 0.473226
290 0.486993
295 0.471606
300 0.450754
305 0.433546
310 0.427472
315 0.413706
320 0.400952
325 0.389614
330 0.382427
335 0.384452
340 0.388602
345 0.390525
350 0.387489
355 0.394271
360 0.414313
365 0.424132
370 0.446503
375 0.478389
380 0.505314
385 0.527584
390 0.535581
395 0.546918
400 0.544083
405 0.560077
410 0.581941
415 0.563519
420 0.584877
425 0.602389
430 0.638425
435 0.669602
440 0.725580
445 0.781354
450 0.819820
455 0.853224
460 0.849175
465 0.836016
470 0.805648
475 0.802612
480 0.781354
485 0.756048
490 0.760097
495 0.775281
500 0.771232
505 0.772244
510 0.770220
515 0.769207
520 0.771232
525 0.783379
530 0.797550
535 0.823869
540 0.844114
545 0.853224
550 0.842089
555 0.819820
560 0.805648
565 0.804636
570 0.792489
575 0.783379
580 0.780342
585 0.779330
590 0.792489
595 0.799575
600 0.814759
605 0.835004
610 0.844114
615 0.846138
620 0.869420
625 0.885616
630 0.914971
635 0.931167
640 0.957486
645 0.965584
650 0.973682
655 0.983804
660 0.987853
665 0.989878
670 0.995951
675 0.997976
680 1.000000
685 1.003037
690 1.004049
695 1.005061
700 1.007086
705 1.008098
710 1.010122
715 1.010122
720 1.012147
725 1.015184
730 1.027331
735 1.035429
740 1.028343
745 1.026318
750 1.024294
755 1.022269
760 1.019233
765 1.017208
770 1.015184
775 1.009110
780 1.003037
785 1.002024
790 1.002024
795 0.996963
800 0.995951
805 0.995951
810 0.995951
815 0.993927
820 0.992914
825 0.990890
830 0.995951
835 0.995951
840 0.995951
845 0.994939
850 0.994939
855 0.995951
860 0.995951
865 0.994939
870 0.996963
875 0.996963
880 0.996963
885 1.000000
890 1.002024
895 1.003037
900 1.003037
905 1.004049
910 1.006073
915 1.006073
920 1.007086
925 1.009110
930 1.009110
935 1.008098
940 1.007086
945 1.009110
950 1.009110
955 1.011135
960 1.011135
965 1.011135
970 1.012147
975 1.012147
980 1.014171
985 1.017208
990 1.015184
995 1.013159
1000 1.012147
1005 1.012147
1010 1.009110
1015 1.008098
1020 1.007086
1025 1.005061
1030 1.005061
1035 1.005061
1040 1.006073
1045 1.011135
1050 1.012147
1055 1.012147
1060 1.010122
1065 1.010122
1070 1.010122
1075 1.009110
1080 1.009110
1085 1.009110
1090 1.009110
1095 1.008098
1100 1.004049
1105 1.005061
1110 1.004049
1115 1.004049
1120 1.004049
1125 1.003037
1130 0.998988
1135 0.997976
1140 0.996963
1145 0.995951
1150 0.992914
1155 0.990890
1160 0.989878
1165 0.989878
1170 0.990890
1175 0.991902
1180 0.989878
1185 0.984816
1190 0.977731
1195 0.981780
1200 0.980767
1205 0.980767
1210 0.979755
1215 0.977731
1220 0.976718
1225 0.973682
1230 0.973682
1235 0.973682
1240 0.973682
1245 0.972669
1250 0.971657
1255 0.970645
1260 0.970645
1265 0.970645
1270 0.970645
1275 0.969633
1280 0.968620
1285 0.968620
1290 0.968620
1295 0.970645
1300 0.970645
1305 0.970645
1310 0.971657
1315 0.971657
1320 0.972669
1325 0.970645
1330 0.971657
1335 0.971657
1340 0.971657
1345 0.971657
1350 0.971657
1355 0.971657
1360 0.972669
1365 0.971657
1370 0.972669
1375 0.973682
1380 0.973682
1385 0.974694
1390 0.973682
1395 0.973682
1400 0.973682
1405 0.973682
1410 0.974694
1415 0.975706
1420 0.975706
1425 0.975706
1430 0.975706
1435 0.976718
1440 0.976718
1445 0.976718
1450 0.976718
1455 0.977731
1460 0.977731
1465 0.977731
1470 0.977731
1475 0.977731
1480 0.977731
1485 0.977731
1490 0.977731
1495 0.977731
1500 0.977731
1505 0.977731
1510 0.977731
1515 0.977731
1520 0.977731
1525 0.978743
1530 0.978743
1535 0.979755
1540 0.979755
1545 0.978743
1550 0.979755
1555 0.979755
1560 0.979755
1565 0.979755
1570 0.979755
1575 0.979755
1580 0.979755
1585 0.980767
1590 0.981780
1595 0.981780
1600 0.982792
1605 0.982792
1610 0.981780
1615 0.982792
1620 0.981780
1625 0.981780
1630 0.981780
1635 0.980767
1640 0.981780
1645 0.980767
1650 0.980767
1655 0.980767
1660 0.980767
1665 0.981780
1670 0.980767
1675 0.981780
1680 0.981780
1685 0.982792
1690 0.983804
1695 0.983804
1700 0.982792
1705 0.983804
1710 0.982792
1715 0.982792
1720 0.982792
1725 0.982792
1730 0.982792
1735 0.982792
1740 0.982792
1745 0.982792
1750 0.982792
1755 0.982792
1760 0.981780
1765 0.982792
1770 0.982792
1775 0.982792
1780 0.983804
1785 0.982792
1790 0.984816
1795 0.983804
1800 0.984816
1805 0.984816
1810 0.984816
1815 0.985829
1820 0.984816
1825 0.985829
1830 0.985829
1835 0.985829
1840 0.985829
1845 0.985829
1850 0.987853
1855 0.986841
1860 0.986841
1865 0.986841
1870 0.986841
1875 0.987853
1880 0.986841
1885 0.986841
1890 0.987853
1895 0.987853
1900 0.988865
1905 0.989878
1910 0.988865
1915 0.989878
1920 0.989878
1925 0.990890
1930 0.989878
1935 0.989878
1940 0.990890
1945 0.989878
1950 0.990890
1955 0.990890
1960 0.990890
1965 0.990890
1970 0.990890
1975 0.990890
1980 0.991902
1985 0.991902
1990 0.991902
1995 0.990890
2000 0.991902
2005 0.990890
2010 0.991902
2015 0.991902
2020 0.991902
2025 0.991902
2030 0.990890
2035 0.990890
2040 0.991902
2045 0.991902
2050 0.991902
2055 0.991902
2060 0.991902
2065 0.991902
2070 0.991902
2075 0.991902
2080 0.990890
2085 0.991902
2090 0.991902
2095 0.991902
2100 0.991902
2105 0.991902
2110 0.991902
2115 0.991902
2120 0.991902
2125 0.991902
2130 0.991902
2135 0.992914
2140 0.991902
2145 0.991902
2150 0.991902
2155 0.991902
2160 0.990890
2165 0.991902
2170 0.991902
2175 0.991902
2180 0.991902
2185 0.991902
2190 0.991902
2195 0.991902
2200 0.992914
2205 0.992914
2210 0.991902
2215 0.991902
2220 0.991902
2225 0.992914
2230 0.991902
2235 0.992914
2240 0.992914
2245 0.991902
2250 0.992914
2255 0.992914
2260 0.992914
2265 0.992914
2270 0.991902
2275 0.992914
2280 0.992914
2285 0.992914
2290 0.992914
2295 0.991902
2300 0.992914
2305 0.992914
2310 0.992914
2315 0.992914
2320 0.991902
2325 0.992914
2330 0.992914
2335 0.992914
2340 0.992914
2345 0.992914
2350 0.992914
2355 0.992914
2360 0.992914
2365 0.993927
2370 0.991902
2375 0.992914
2380 0.992914
2385 0.992914
2390 0.993927
2395 0.993927
2400 0.992914
2405 0.992914
2410 0.992914
2415 0.992914
2420 0.992914
2425 0.991902
2430 0.992914
2435 0.992914
2440 0.992914
2445 0.992914
2450 0.992914
2455 0.992914
2460 0.992914
2465 0.992914
2470 0.992914
2475 0.991902
2480 0.992914
2485 0.991902
2490 0.992914
2495 0.992914
2500 0.992914
2505 0.992914
2510 0.992914
2515 0.992914
2520 0.992914
2525 0.991902
2530 0.992914
2535 0.992914
2540 0.992914
2545 0.993927
2550 0.992914
2555 0.992914
2560 0.992914
2565 0.992914
2570 0.993927
2575 0.992914
2580 0.992914
2585 0.992914
2590 0.993927
2595 0.993927
2600 0.992914
2605 0.992914
2610 0.993927
2615 0.992914
2620 0.993927
2625 0.992914
2630 0.992914
2635 0.993927
2640 0.992914
2645 0.993927
2650 0.993927
2655 0.993927
2660 0.993927
2665 0.992914
2670 0.993927
2675 0.993927
2680 0.993927
2685 0.993927
2690 0.993927
2695 0.993927
2700 0.992914
2705 0.993927
2710 0.993927
2715 0.992914
2720 0.993927
2725 0.993927
2730 0.992914
2735 0.993927
2740 0.993927
2745 0.992914
2750 0.992914
2755 0.992914
2760 0.993927
2765 0.992914
2770 0.992914
2775 0.992914
2780 0.993927
2785 0.993927
2790 0.992914
2795 0.992914
2800 0.992914
2805 0.993927
2810 0.993927
2815 0.993927
2820 0.993927
2825 0.993927
2830 0.993927
2835 0.995951
2840 0.995951
2845 0.996963
2850 0.995951
2855 0.993927
2860 0.993927
2865 0.995951
2870 0.995951
2875 0.994939
2880 0.995951
2885 0.995951
2890 0.995951
2895 0.995951
2900 0.995951
2905 0.995951
2910 0.994939
2915 0.995951
2920 0.994939
2925 0.995951
2930 0.995951
2935 0.995951
2940 0.995951
2945 0.994939
2950 0.995951
2955 0.995951
2960 0.995951
2965 0.995951
2970 0.994939
2975 0.995951
2980 0.995951
2985 0.995951
2990 0.995951
2995 0.994939
3000 0.995951
3005 0.995951
3010 0.995951
3015 0.995951
3020 0.994939
3025 0.995951
3030 0.994939
3035 0.995951
3040 0.995951
3045 0.995951
3050 0.995951
3055 0.995951
3060 0.995951
3065 0.994939
3070 0.995951
3075 0.994939
3080 0.994939
3085 0.995951
3090 0.994939
3095 0.995951
3100 0.994939
3105 0.994939
3110 0.995951
3115 0.994939
3120 0.995951
3125 0.994939
3130 0.995951
3135 0.995951
3140 0.994939
3145 0.995951
3150 0.995951
3155 0.995951
3160 0.995951
3165 0.994939
3170 0.995951
3175 0.995951
3180 0.995951
3185 0.995951
3190 0.994939
3195 0.995951
3200 0.995951
3205 0.995951
3210 0.995951
3215 0.995951
3220 0.995951
3225 0.995951
3230 0.995951
3235 0.994939
3240 0.994939
3245 0.995951
3250 0.995951
3255 0.995951
3260 0.994939
3265 0.995951
3270 0.995951
3275 0.994939
3280 0.995951
3285 0.994939
3290 0.994939
3295 0.994939
3300 0.995951
3305 0.995951
3310 0.994939
3315 0.994939
3320 0.994939
3325 0.995951
3330 0.994939
3335 0.995951
3340 0.995951
3345 0.994939
3350 0.995951
3355 0.994939
3360 0.995951
3365 0.995951
3370 0.994939
3375 0.994939
3380 0.994939
3385 0.994939
3390 0.994939
3395 0.994939
3400 0.995951
3405 0.995951
3410 0.995951
3415 0.994939
3420 0.995951
3425 0.994939
3430 0.995951
3435 0.995951
3440 0.995951
3445 0.995951
3450 0.994939
3455 0.995951
3460 0.995951
3465 0.994939
3470 0.994939
3475 0.995951
3480 0.995951
3485 0.995951
3490 0.995951
3495 0.995951
3500 0.995951
3505 0.995951
3510 0.994939
3515 0.995951
3520 0.994939
3525 0.995951
3530 0.995951
3535 0.995951
3540 0.995951
3545 0.994939
3550 0.995951
3555 0.995951
3560 0.995951
3565 0.995951
3570 0.994939
3575 0.994939
3580 0.994939
3585 0.995951
3590 0.995951
3595 0.994939
3600 0.994939
3605 0.994939
3610 0.995951
3615 0.994939
3620 0.994939
3625 0.994939
3630 0.994939
3635 0.995951
3640 0.994939
3645 0.995951
3650 0.995951
3655 0.994939
3660 0.995951
3665 0.995951
3670 0.995951
3675 0.994939
3680 0.994939
3685 0.995951
3690 0.994939
3695 0.995951
3700 0.995951
3705 0.995951
3710 0.995951
3715 0.995951
3720 0.995951
3725 0.995951
3730 0.995951
3735 0.994939
3740 0.995951
3745 0.995951
3750 0.995951
3755 0.995951
3760 0.995951
3765 0.995951
3770 0.994939
3775 0.995951
3780 0.995951
3785 0.995951
3790 0.995951
3795 0.994939
3800 0.995951
3805 0.994939
3810 0.994939
3815 0.994939
3820 0.995951
3825 0.995951
3830 0.994939
3835 0.995951
3840 0.995951
3845 0.995951
3850 0.995951
3855 0.995951
3860 0.995951
3865 0.994939
3870 0.995951
3875 0.995951
3880 0.995951
3885 0.995951
3890 0.994939
3895 0.995951
3900 0.994939
3905 0.995951
3910 0.994939
3915 0.994939
3920 0.994939
3925 0.995951
3930 0.995951
3935 0.995951
3940 0.994939
3945 0.995951
3950 0.994939
3955 0.995951
3960 0.994939
3965 0.994939
3970 0.994939
3975 0.994939
3980 0.994939
3985 0.994939
3990 0.995951
3995 0.994939
4000 0.995951
4005 0.994939
4010 0.994939
4015 0.994939
4020 0.994939
4025 0.994939
4030 0.994939
4035 0.995951
4040 0.994939
4045 0.994939
4050 0.994939
4055 0.994939
4060 0.995951
4065 0.994939
4070 0.995951
4075 0.995951
4080 0.994939
4085 0.995951
4090 0.995951
4095 0.995951
4100 0.995951
4105 0.994939
4110 0.995951
4115 0.995951
4120 0.995951
4125 0.994939
4130 0.995951
4135 0.995951
4140 0.994939
4145 0.995951
4150 0.995951
4155 0.995951
4160 0.994939
4165 0.995951
4170 0.994939
4175 0.994939
4180 0.995951
4185 0.994939
4190 0.995951
4195 0.994939
4200 0.995951
4205 0.995951
4210 0.994939
4215 0.995951
4220 0.995951
4225 0.994939
4230 0.994939
4235 0.994939
4240 0.994939
4245 0.994939
4250 0.995951
4255 0.994939
4260 0.994939
4265 0.994939
4270 0.995951
4275 0.995951
4280 0.994939
4285 0.995951
4290 0.994939
4295 0.995951
4300 0.994939
4305 0.995951
4310 0.995951
4315 0.994939
4320 0.995951
4325 0.995951
4330 0.995951
4335 0.994939
4340 0.994939
4345 0.995951
4350 0.995951
4355 0.995951
4360 0.994939
4365 0.995951
4370 0.995951
4375 0.994939
4380 0.994939
4385 0.994939
4390 0.995951
4395 0.994939
4400 0.995951
4405 0.994939
4410 0.995951
4415 0.994939
4420 0.995951
4425 0.995951
4430 0.994939
4435 0.995951
4440 0.994939
4445 0.995951
4450 0.995951
4455 0.994939
4460 0.995951
4465 0.994939
4470 0.994939
4475 0.994939
4480 0.995951
4485 0.995951
4490 0.995951
4495 0.994939
4500 0.995951
4505 0.995951
4510 0.995951
4515 0.995951
4520 0.997976
4525 0.997976
4530 0.998988
4535 0.998988
4540 0.998988
4545 1.000000
4550 0.998988
4555 0.998988
4560 0.997976
4565 0.998988
4570 0.998988
4575 0.997976
4580 0.998988
4585 0.998988
4590 0.998988
4595 0.998988
4600 0.998988
4605 0.998988
4610 0.998988
4615 1.000000
