0 0.120104
5 0.250653
10 0.415144
15 0.493473
20 0.516971
25 0.639687
30 0.801567
35 1.067885
40 1.417755
45 1.840731
50 2.208877
55 2.469974
60 2.665796
65 2.801567
70 2.911227
75 2.953003
80 2.973890
85 2.968668
90 2.908616
95 2.882507
100 2.895561
105 2.817232
110 2.684073
115 2.733681
120 2.650131
125 2.571802
130 2.485640
135 2.420366
140 2.441253
145 2.456919
150 2.417755
155 2.386423
160 2.326371
165 2.211488
170 2.248042
175 2.289817
180 2.331593
185 2.357702
190 2.370757
195 2.386423
200 2.415144
205 2.464752
210 2.475196
215 2.462141
220 2.389034
225 2.389034
230 2.375979
235 2.336815
240 2.360313
245 2.321149
250 2.114883
255 1.937337
260 1.817232
265 1.791123
270 1.780679
275 1.770235
280 1.757180
285 1.733681
290 1.718016
295 1.819843
300 1.812010
305 1.812010
310 1.775457
315 1.731070
320 1.689295
325 1.684073
330 1.699739
335 1.702350
340 1.699739
345 1.697128
350 1.694517
355 1.691906
360 1.686684
365 1.657963
370 1.642298
375 1.639687
380 1.639687
385 1.631854
390 1.629243
395 1.618799
400 1.621410
405 1.618799
410 1.618799
415 1.621410
420 1.621410
425 1.621410
430 1.613577
435 1.605744
440 1.597911
445 1.597911
450 1.616188
455 1.608355
460 1.605744
465 1.595300
470 1.584856
475 1.582245
480 1.574413
485 1.566580
490 1.563969
495 1.566580
500 1.553525
505 1.548303
510 1.535248
515 1.530026
520 1.527415
525 1.524804
530 1.524804
535 1.514360
540 1.511749
545 1.503916
550 1.488251
555 1.459530
560 1.430809
565 1.404700
570 1.394256
575 1.394256
580 1.394256
585 1.402089
590 1.407311
595 1.404700
600 1.409922
605 1.415144
610 1.417755
615 1.420366
620 1.420366
625 1.415144
630 1.399478
635 1.404700
640 1.404700
645 1.399478
650 1.394256
655 1.394256
660 1.386423
665 1.378590
670 1.389034
675 1.389034
680 1.370757
685 1.310705
690 1.284595
695 1.276762
700 1.268930
705 1.261097
710 1.258486
715 1.261097
720 1.255875
725 1.245431
730 1.245431
735 1.248042
740 1.253264
745 1.253264
750 1.255875
755 1.255875
760 1.258486
765 1.266319
770 1.263708
775 1.268930
780 1.287206
785 1.268930
790 1.248042
795 1.248042
800 1.266319
805 1.274151
810 1.287206
815 1.297650
820 1.295039
825 1.289817
830 1.287206
835 1.287206
840 1.284595
845 1.284595
850 1.245431
855 1.237598
860 1.240209
865 1.221932
870 1.169713
875 1.154047
880 1.143603
885 1.127937
890 1.127937
895 1.122715
900 1.122715
905 1.125326
910 1.125326
915 1.120104
920 1.120104
925 1.122715
930 1.122715
935 1.120104
940 1.114883
945 1.117493
950 1.114883
955 1.104439
960 1.099217
965 1.107050
970 1.109661
975 1.112272
980 1.112272
985 1.114883
990 1.117493
995 1.117493
1000 1.117493
1005 1.114883
1010 1.109661
1015 1.093995
1020 1.088773
1025 1.088773
1030 1.088773
1035 1.088773
1040 1.086162
1045 1.086162
1050 1.083551
1055 1.080940
1060 1.078329
1065 1.078329
1070 1.083551
1075 1.086162
1080 1.088773
1085 1.086162
1090 1.086162
1095 1.086162
1100 1.088773
1105 1.088773
1110 1.088773
1115 1.091384
1120 1.091384
1125 1.091384
1130 1.091384
1135 1.091384
1140 1.091384
1145 1.091384
1150 1.091384
1155 1.091384
1160 1.093995
1165 1.093995
1170 1.091384
1175 1.086162
1180 1.080940
1185 1.073107
1190 1.065274
1195 1.060052
1200 1.057441
1205 1.057441
1210 1.057441
1215 1.054830
1220 1.070496
1225 1.070496
1230 1.070496
1235 1.070496
1240 1.070496
1245 1.070496
1250 1.073107
1255 1.073107
1260 1.073107
1265 1.073107
1270 1.073107
1275 1.073107
1280 1.075718
1285 1.078329
1290 1.078329
1295 1.080940
1300 1.073107
1305 1.062663
1310 1.065274
1315 1.060052
1320 1.054830
1325 1.054830
1330 1.057441
1335 1.060052
1340 1.065274
1345 1.065274
1350 1.070496
1355 1.070496
1360 1.073107
1365 1.073107
1370 1.073107
1375 1.073107
1380 1.075718
1385 1.075718
1390 1.075718
1395 1.080940
1400 1.065274
1405 1.039164
1410 1.026110
1415 1.023499
1420 1.023499
1425 1.023499
1430 1.023499
1435 1.026110
1440 1.010444
1445 1.010444
1450 1.010444
1455 1.010444
1460 1.010444
1465 1.026110
1470 1.026110
1475 1.023499
1480 1.026110
1485 1.026110
1490 1.031332
1495 1.036554
1500 1.036554
1505 1.036554
1510 1.036554
1515 1.036554
1520 1.033943
1525 1.031332
1530 1.028721
1535 1.028721
1540 1.018277
1545 1.015666
1550 1.015666
1555 1.015666
1560 1.015666
1565 1.015666
1570 1.015666
1575 1.015666
1580 1.015666
1585 1.015666
1590 1.018277
1595 1.018277
1600 1.018277
1605 1.018277
1610 1.018277
1615 1.018277
1620 1.018277
1625 1.020888
1630 1.020888
1635 1.023499
1640 1.023499
1645 1.026110
1650 1.023499
1655 1.026110
1660 1.026110
1665 1.026110
1670 1.026110
1675 1.026110
1680 1.028721
1685 1.026110
1690 1.028721
1695 1.026110
1700 1.028721
1705 1.026110
1710 1.028721
1715 1.031332
1720 1.033943
1725 1.033943
1730 1.033943
1735 1.033943
1740 1.031332
1745 1.033943
1750 1.031332
1755 1.031332
1760 1.031332
1765 1.031332
1770 1.031332
1775 1.031332
1780 1.031332
1785 1.031332
1790 1.031332
1795 1.031332
1800 1.031332
1805 1.031332
1810 1.031332
1815 1.031332
1820 1.031332
1825 1.028721
1830 1.028721
1835 1.026110
1840 1.026110
1845 1.026110
1850 1.023499
1855 1.026110
1860 1.023499
1865 1.023499
1870 1.023499
1875 1.023499
1880 1.023499
1885 1.023499
1890 1.023499
1895 1.023499
1900 1.023499
1905 1.020888
1910 1.020888
1915 1.015666
1920 1.013055
1925 1.010444
1930 1.010444
1935 1.007833
1940 1.010444
1945 1.007833
1950 1.010444
1955 1.010444
1960 1.010444
1965 1.010444
1970 1.010444
1975 1.010444
1980 1.010444
1985 1.010444
1990 1.010444
1995 1.013055
2000 1.013055
2005 1.013055
2010 1.010444
2015 1.007833
2020 1.005222
2025 1.005222
2030 1.005222
2035 1.005222
2040 1.005222
2045 1.005222
2050 1.005222
2055 1.002611
2060 1.002611
2065 1.002611
2070 1.002611
2075 1.002611
2080 1.002611
2085 1.002611
2090 1.002611
2095 1.002611
2100 1.002611
2105 1.002611
2110 1.002611
2115 1.002611
2120 1.002611
2125 1.002611
2130 1.002611
2135 1.002611
2140 1.002611
2145 1.002611
2150 1.000000
2155 1.000000
2160 1.000000
2165 0.997389
2170 1.000000
2175 0.997389
2180 1.000000
2185 0.997389
2190 1.000000
