0 0.034739
5 0.225806
10 0.429280
15 0.218362
20 0.501241
25 0.464020
30 0.421836
35 0.389578
40 0.372208
45 0.359801
50 0.392060
55 0.560794
60 0.439206
65 0.523573
70 0.565757
75 0.501241
80 0.568238
85 0.625310
90 0.657568
95 0.816377
100 0.945409
105 0.962779
110 0.992556
115 0.960298
120 0.957816
125 0.940447
130 0.947891
135 0.960298
140 0.965261
145 0.970223
150 0.980149
155 0.990074
160 0.997519
165 0.997519
170 1.009926
175 1.012407
180 1.014888
185 1.000000
190 1.002481
195 0.987593
200 0.987593
205 0.990074
210 0.992556
215 0.990074
220 1.004963
225 1.007444
230 1.004963
235 1.000000
240 1.004963
245 1.007444
250 1.000000
255 1.000000
260 1.004963
265 1.009926
270 1.017370
275 1.017370
280 1.014888
285 1.007444
290 1.007444
295 1.007444
300 1.007444
305 1.007444
310 1.007444
315 1.004963
320 1.002481
325 1.002481
330 1.002481
335 1.002481
340 1.002481
345 1.002481
350 1.002481
355 1.000000
360 1.000000
365 1.000000
370 1.000000
375 1.000000
380 1.000000
385 1.000000
390 0.997519
395 1.000000
400 1.000000
405 1.000000
410 0.997519
415 0.997519
420 0.997519
425 0.997519
430 0.997519
435 0.997519
440 0.997519
445 0.995037
450 0.995037
455 0.995037
460 0.995037
465 0.995037
470 0.995037
475 0.995037
480 0.995037
485 0.992556
490 0.995037
495 0.995037
500 0.995037
505 0.995037
510 0.992556
515 0.995037
520 0.992556
525 0.992556
530 0.992556
535 0.992556
540 0.992556
545 0.992556
550 0.992556
555 0.992556
560 0.992556
565 0.992556
570 0.992556
575 0.992556
580 0.992556
585 0.992556
590 0.992556
595 0.992556
600 0.992556
605 0.992556
610 0.992556
615 0.992556
620 0.992556
625 0.992556
630 0.992556
635 0.992556
640 0.992556
645 0.992556
650 0.992556
655 0.992556
660 0.992556
665 0.992556
670 0.992556
675 0.992556
680 0.992556
685 0.992556
690 0.992556
695 0.992556
700 0.992556
705 0.992556
710 0.990074
715 0.992556
720 0.990074
725 0.992556
730 0.992556
735 0.992556
740 0.992556
745 0.992556
750 0.992556
755 0.992556
760 0.992556
765 0.992556
770 0.992556
775 0.990074
780 0.992556
785 0.992556
790 0.990074
795 0.992556
800 0.990074
805 0.992556
810 0.990074
815 0.992556
820 0.992556
825 0.992556
830 0.992556
835 0.990074
840 0.990074
845 0.990074
850 0.990074
855 0.990074
860 0.990074
865 0.992556
870 0.992556
875 0.992556
880 0.992556
885 0.992556
890 0.992556
895 0.992556
900 0.992556
905 0.990074
910 0.992556
915 0.992556
920 0.992556
925 0.990074
930 0.992556
935 0.990074
940 0.990074
945 0.990074
950 0.990074
955 0.992556
960 0.990074
965 0.990074
970 0.990074
975 0.990074
980 0.990074
985 0.990074
990 0.990074
995 0.990074
1000 0.990074
1005 0.990074
1010 0.990074
1015 0.990074
1020 0.990074
1025 0.990074
1030 0.990074
1035 0.990074
1040 0.990074
1045 0.990074
1050 0.990074
1055 0.990074
1060 0.990074
1065 0.990074
1070 0.990074
1075 0.990074
1080 0.990074
1085 0.990074
1090 0.990074
1095 0.990074
1100 0.990074
1105 0.990074
1110 0.990074
1115 0.990074
1120 0.990074
1125 0.990074
1130 0.990074
1135 0.990074
1140 0.990074
1145 0.990074
1150 0.990074
1155 0.990074
1160 0.990074
1165 0.990074
1170 0.987593
1175 0.987593
1180 0.990074
1185 0.990074
1190 0.990074
1195 0.990074
1200 0.990074
1205 0.990074
1210 0.990074
1215 0.990074
1220 0.990074
1225 0.990074
1230 0.990074
1235 0.990074
1240 0.990074
1245 0.990074
1250 0.990074
1255 0.990074
1260 0.990074
1265 0.990074
1270 0.990074
1275 0.987593
1280 0.990074
1285 0.987593
1290 0.990074
1295 0.987593
1300 0.987593
1305 0.990074
1310 0.990074
1315 0.990074
1320 0.987593
1325 0.990074
1330 0.987593
1335 0.990074
1340 0.990074
1345 0.987593
1350 0.990074
1355 0.990074
1360 0.990074
1365 0.987593
1370 0.990074
1375 0.990074
1380 0.987593
1385 0.987593
1390 0.990074
1395 0.987593
1400 0.987593
1405 0.987593
1410 0.987593
1415 0.987593
1420 0.987593
1425 0.987593
1430 0.987593
1435 0.990074
1440 0.987593
1445 0.987593
1450 0.990074
1455 0.987593
1460 0.990074
1465 0.990074
1470 0.990074
1475 0.987593
1480 0.990074
1485 0.987593
1490 0.987593
1495 0.987593
1500 0.987593
1505 0.987593
1510 0.987593
1515 0.987593
1520 0.987593
1525 0.987593
1530 0.987593
1535 0.987593
1540 0.987593
1545 0.990074
1550 0.987593
1555 0.987593
1560 0.987593
1565 0.987593
1570 0.987593
1575 0.987593
1580 0.987593
1585 0.987593
1590 0.987593
1595 0.987593
1600 0.987593
1605 0.987593
1610 0.987593
1615 0.987593
1620 0.985112
1625 0.987593
1630 0.985112
1635 0.985112
1640 0.985112
1645 0.987593
1650 0.987593
1655 0.987593
1660 0.985112
1665 0.987593
1670 0.987593
1675 0.987593
1680 0.987593
1685 0.987593
1690 0.987593
1695 0.987593
1700 0.987593
1705 0.987593
1710 0.987593
1715 0.985112
1720 0.987593
1725 0.987593
1730 0.987593
1735 0.987593
1740 0.987593
1745 0.987593
1750 0.987593
1755 0.987593
1760 0.987593
1765 0.987593
1770 0.987593
1775 0.987593
1780 0.987593
1785 0.987593
1790 0.987593
1795 0.987593
1800 0.987593
1805 0.985112
1810 0.987593
1815 0.987593
1820 0.987593
1825 0.985112
1830 0.987593
1835 0.987593
1840 0.985112
1845 0.987593
1850 0.985112
1855 0.987593
1860 0.985112
1865 0.987593
1870 0.987593
1875 0.987593
1880 0.985112
1885 0.985112
1890 0.985112
1895 0.985112
1900 0.985112
1905 0.985112
1910 0.985112
1915 0.985112
1920 0.985112
1925 0.985112
1930 0.987593
1935 0.987593
1940 0.987593
1945 0.985112
1950 0.987593
1955 0.985112
1960 0.987593
1965 0.987593
1970 0.985112
1975 0.985112
1980 0.985112
1985 0.987593
1990 0.985112
1995 1.000000
2000 0.982630
2005 1.000000
2010 1.000000
2015 1.000000
2020 1.000000
2025 1.000000
2030 0.985112
2035 1.000000
2040 1.000000
2045 1.000000
2050 1.000000
2055 1.000000
2060 1.000000
2065 1.000000
2070 1.002481
2075 1.000000
2080 1.002481
2085 1.002481
2090 1.000000
2095 0.997519
2100 0.997519
2105 1.000000
2110 1.000000
2115 1.000000
2120 1.000000
2125 1.000000
2130 1.000000
2135 1.000000
2140 1.000000
2145 1.000000
2150 1.000000
2155 1.000000
2160 1.000000
2165 1.000000
2170 1.000000
2175 1.000000
2180 1.000000
2185 1.000000
2190 1.000000
2195 1.000000
2200 1.000000
2205 1.000000
2210 1.000000
2215 1.000000
2220 1.000000
2225 1.000000
2230 1.000000
