0 0.357456
5 6.614035
10 6.131579
15 5.633772
20 4.339912
25 4.563596
30 3.940789
35 3.750000
40 3.714912
45 3.986842
50 4.160088
55 4.135965
60 4.234649
65 3.541667
70 3.127193
75 2.642544
80 2.276316
85 2.017544
90 1.947368
95 1.820175
100 1.765351
105 1.686404
110 1.504386
115 1.438596
120 1.392544
125 1.394737
130 1.372807
135 1.344298
140 1.315789
145 1.236842
150 1.190789
155 1.157895
160 1.140351
165 1.146930
170 1.096491
175 1.067982
180 1.061404
185 1.067982
190 1.063596
195 1.032895
200 1.028509
205 1.019737
210 1.010965
215 1.002193
220 0.997807
225 0.995614
230 0.993421
235 0.995614
240 0.995614
245 0.995614
250 0.995614
255 0.997807
260 0.995614
265 0.997807
270 0.995614
275 0.995614
280 0.995614
285 0.995614
290 0.995614
295 0.993421
300 0.993421
305 0.991228
310 0.991228
315 0.991228
320 0.991228
325 0.991228
330 0.993421
335 0.993421
340 0.993421
345 0.995614
350 0.995614
355 0.995614
360 0.993421
365 0.993421
370 0.995614
375 0.995614
380 0.995614
385 0.993421
390 0.995614
395 0.995614
400 0.995614
405 0.993421
410 0.995614
415 0.995614
420 0.995614
425 0.995614
430 0.995614
435 0.995614
440 0.995614
445 0.997807
450 0.995614
455 0.997807
460 0.995614
465 0.995614
470 0.995614
475 0.995614
480 0.995614
485 0.995614
490 0.997807
495 0.995614
500 0.997807
505 0.995614
510 0.995614
515 0.995614
520 0.995614
525 0.997807
530 0.995614
535 0.997807
540 0.995614
545 0.997807
550 0.995614
555 0.997807
560 0.995614
565 0.995614
570 0.997807
575 0.995614
580 0.997807
585 0.995614
590 0.997807
595 0.995614
600 0.997807
605 0.995614
610 0.997807
615 0.997807
620 0.997807
625 0.997807
630 0.997807
635 0.997807
640 0.997807
645 0.997807
650 0.997807
655 0.997807
660 0.995614
665 0.997807
670 0.997807
675 0.997807
680 0.997807
685 0.997807
690 0.997807
695 0.997807
700 0.997807
705 0.997807
710 0.997807
715 0.997807
720 0.997807
725 0.995614
730 0.997807
735 0.997807
740 0.997807
745 0.997807
750 0.997807
755 0.997807
760 0.997807
765 0.997807
770 0.997807
775 0.997807
780 0.997807
785 0.997807
790 0.997807
795 0.997807
800 0.997807
805 0.997807
810 0.997807
815 0.997807
820 0.997807
825 0.997807
830 0.997807
835 0.997807
840 0.997807
845 0.997807
850 0.997807
855 0.995614
860 0.997807
865 0.997807
870 0.997807
875 0.997807
880 0.997807
885 0.997807
890 0.997807
895 0.997807
900 0.997807
905 0.997807
910 0.997807
915 0.997807
920 0.997807
925 0.997807
930 0.997807
935 0.997807
940 0.997807
945 0.997807
950 0.997807
955 0.997807
960 0.997807
965 0.997807
970 0.997807
975 0.997807
980 0.997807
985 0.997807
990 0.997807
995 0.997807
1000 0.997807
1005 0.995614
1010 0.997807
1015 0.997807
1020 0.997807
1025 0.997807
1030 0.997807
1035 0.997807
1040 0.997807
1045 0.997807
1050 0.997807
1055 0.997807
1060 0.997807
1065 0.997807
1070 0.997807
1075 0.997807
1080 0.997807
1085 0.997807
1090 0.997807
1095 0.997807
1100 0.997807
1105 0.997807
1110 0.997807
1115 0.997807
1120 0.997807
1125 0.997807
1130 0.997807
1135 0.997807
1140 0.997807
1145 0.997807
1150 0.997807
1155 0.997807
1160 0.997807
1165 0.997807
1170 0.997807
1175 0.997807
1180 0.997807
1185 0.997807
1190 0.997807
1195 0.997807
1200 0.997807
1205 0.997807
1210 0.997807
1215 0.997807
1220 0.997807
1225 0.997807
1230 0.997807
1235 0.997807
1240 0.997807
1245 0.997807
1250 0.997807
1255 0.997807
1260 0.997807
1265 0.997807
1270 0.997807
1275 0.997807
1280 0.997807
1285 0.997807
1290 0.997807
1295 0.997807
1300 0.997807
1305 0.997807
1310 0.997807
1315 0.997807
1320 0.997807
1325 0.997807
1330 0.997807
1335 0.997807
1340 0.997807
1345 0.997807
1350 0.997807
1355 0.997807
1360 0.997807
1365 0.997807
1370 0.997807
1375 0.997807
1380 0.997807
1385 0.997807
1390 0.997807
1395 0.997807
1400 0.997807
1405 0.997807
1410 0.997807
1415 0.997807
1420 0.997807
1425 0.997807
1430 0.997807
1435 0.997807
1440 0.997807
1445 0.997807
1450 0.997807
1455 0.997807
1460 0.997807
1465 0.997807
1470 0.997807
1475 0.997807
1480 0.997807
1485 0.997807
1490 0.997807
1495 0.997807
1500 0.997807
1505 0.997807
1510 0.997807
1515 0.997807
1520 0.997807
1525 0.997807
1530 0.997807
1535 0.997807
1540 0.997807
1545 0.997807
1550 0.997807
1555 0.997807
1560 0.997807
1565 0.997807
1570 0.997807
1575 0.997807
1580 0.997807
1585 0.997807
1590 0.997807
1595 0.997807
1600 0.997807
1605 0.997807
1610 0.997807
1615 0.997807
1620 0.997807
1625 0.997807
1630 0.997807
1635 0.997807
1640 0.997807
1645 0.997807
1650 0.997807
1655 0.997807
1660 0.997807
1665 0.997807
1670 0.997807
1675 0.997807
1680 0.997807
1685 0.997807
1690 0.997807
1695 0.997807
1700 0.997807
1705 0.997807
1710 0.997807
1715 0.997807
1720 0.997807
1725 0.997807
1730 0.997807
1735 0.997807
1740 0.997807
1745 0.997807
1750 0.997807
1755 0.997807
1760 0.997807
1765 0.997807
1770 0.997807
1775 0.997807
1780 0.997807
1785 0.997807
1790 0.997807
1795 0.997807
1800 0.997807
1805 0.997807
1810 0.997807
1815 0.997807
1820 0.997807
1825 0.997807
1830 0.997807
1835 0.997807
1840 0.997807
1845 0.997807
1850 0.997807
1855 0.997807
1860 1.000000
1865 0.997807
1870 0.997807
1875 0.997807
1880 0.997807
1885 0.997807
1890 0.997807
1895 0.997807
1900 0.997807
1905 0.997807
1910 0.997807
1915 0.997807
1920 1.000000
1925 1.000000
1930 0.997807
1935 0.997807
1940 0.997807
1945 1.000000
1950 0.997807
1955 0.997807
1960 0.997807
1965 0.997807
1970 0.997807
1975 0.997807
1980 0.997807
1985 0.997807
1990 0.997807
1995 0.997807
2000 0.997807
2005 0.997807
2010 0.997807
2015 0.997807
2020 1.000000
2025 0.997807
2030 0.997807
2035 0.997807
2040 0.997807
2045 0.997807
2050 0.997807
2055 1.000000
2060 0.997807
2065 0.997807
2070 0.997807
2075 0.997807
2080 0.997807
2085 1.000000
2090 0.997807
2095 0.997807
2100 0.997807
2105 0.997807
2110 0.997807
2115 0.997807
2120 0.997807
2125 0.997807
2130 0.997807
2135 0.997807
2140 0.997807
2145 0.997807
2150 0.997807
2155 0.997807
2160 1.000000
2165 0.997807
2170 1.000000
2175 0.997807
2180 0.997807
2185 0.997807
2190 0.997807
2195 0.997807
2200 0.997807
2205 0.997807
2210 0.997807
2215 0.997807
2220 0.997807
2225 1.000000
2230 0.997807
2235 1.000000
2240 0.997807
2245 1.000000
2250 0.997807
2255 1.000000
2260 0.997807
2265 0.997807
2270 0.997807
2275 0.997807
2280 0.997807
2285 0.997807
2290 0.997807
2295 0.997807
2300 0.997807
2305 0.997807
2310 1.000000
2315 0.997807
2320 1.000000
2325 0.997807
2330 1.000000
2335 0.997807
2340 0.997807
2345 0.997807
2350 0.997807
2355 0.997807
2360 0.997807
2365 1.000000
2370 0.997807
2375 0.997807
2380 0.997807
2385 1.000000
2390 0.997807
2395 1.000000
2400 0.997807
2405 1.000000
2410 0.997807
2415 1.000000
2420 0.997807
2425 0.997807
2430 1.000000
2435 0.997807
2440 1.000000
2445 0.997807
2450 1.000000
2455 0.997807
2460 0.997807
2465 0.997807
2470 1.000000
2475 0.997807
2480 1.000000
2485 0.997807
2490 1.000000
2495 0.997807
2500 1.000000
2505 0.997807
2510 0.997807
2515 0.997807
2520 0.997807
2525 1.000000
2530 0.997807
2535 1.000000
2540 0.997807
2545 1.000000
2550 0.997807
2555 1.000000
2560 0.997807
2565 1.000000
2570 0.997807
2575 1.000000
2580 0.997807
2585 1.000000
2590 0.997807
2595 1.000000
2600 0.997807
2605 1.000000
2610 1.000000
2615 0.997807
2620 1.000000
2625 0.997807
2630 1.000000
2635 0.997807
2640 1.000000
2645 0.997807
2650 1.000000
2655 0.997807
2660 1.000000
2665 0.997807
2670 1.000000
2675 0.997807
2680 1.000000
2685 0.997807
2690 1.000000
2695 0.997807
2700 1.000000
2705 1.000000
2710 0.997807
2715 1.000000
2720 0.997807
2725 1.000000
2730 0.997807
2735 1.000000
2740 0.997807
2745 1.000000
2750 0.997807
2755 1.000000
2760 0.997807
2765 1.000000
2770 0.997807
2775 1.000000
2780 0.997807
2785 1.000000
2790 1.000000
2795 0.997807
2800 1.000000
2805 1.000000
2810 1.000000
2815 0.997807
2820 1.000000
2825 0.997807
2830 1.000000
2835 0.997807
2840 1.000000
2845 0.997807
2850 1.000000
2855 0.997807
2860 1.000000
2865 0.997807
2870 1.000000
2875 1.000000
2880 1.000000
2885 1.000000
2890 1.000000
2895 1.000000
2900 1.000000
2905 1.000000
2910 0.997807
2915 1.000000
2920 1.000000
2925 1.000000
2930 0.997807
2935 1.000000
2940 0.997807
2945 1.000000
2950 0.997807
2955 1.000000
2960 0.997807
2965 1.000000
2970 0.997807
2975 1.000000
2980 0.997807
2985 1.000000
2990 1.000000
2995 1.000000
3000 1.000000
3005 1.000000
3010 1.000000
3015 1.000000
3020 1.000000
3025 0.997807
3030 1.000000
3035 1.000000
3040 1.000000
3045 0.997807
3050 1.000000
3055 0.997807
3060 1.000000
3065 1.000000
3070 1.000000
3075 1.000000
3080 1.000000
3085 1.000000
3090 1.000000
3095 1.000000
3100 1.000000
3105 1.000000
3110 1.000000
3115 1.000000
3120 1.000000
3125 1.000000
3130 1.000000
3135 1.000000
3140 0.997807
3145 1.000000
3150 0.997807
3155 1.000000
3160 1.000000
3165 1.000000
3170 1.000000
3175 1.000000
3180 1.000000
3185 1.000000
3190 1.000000
3195 1.000000
3200 1.000000
3205 1.000000
3210 1.000000
3215 1.000000
3220 1.000000
3225 1.000000
3230 1.000000
3235 1.000000
3240 1.000000
3245 1.000000
3250 1.000000
3255 1.000000
3260 1.000000
3265 1.000000
3270 1.000000
3275 1.000000
3280 1.000000
3285 1.000000
3290 1.000000
3295 1.000000
3300 1.000000
3305 1.000000
3310 1.000000
3315 1.000000
3320 1.000000
3325 1.000000
3330 1.000000
3335 1.000000
3340 1.000000
3345 1.000000
3350 1.000000
3355 1.000000
3360 1.000000
3365 1.000000
3370 1.000000
3375 1.000000
3380 1.000000
3385 1.000000
3390 1.000000
3395 1.000000
3400 1.000000
3405 1.000000
3410 1.000000
3415 1.000000
3420 1.000000
3425 1.000000
3430 1.000000
3435 1.000000
3440 1.000000
3445 1.000000
3450 1.000000
3455 1.000000
3460 1.000000
3465 1.000000
3470 1.000000
3475 1.000000
3480 1.000000
3485 1.000000
3490 1.000000
3495 1.000000
3500 1.000000
3505 1.000000
3510 1.000000
3515 1.000000
3520 1.000000
3525 1.000000
3530 1.000000
3535 1.000000
3540 1.000000
3545 1.000000
3550 1.000000
3555 1.000000
3560 1.000000
3565 1.000000
3570 1.000000
3575 1.000000
3580 1.000000
3585 1.000000
3590 1.000000
3595 1.000000
3600 1.000000
3605 1.000000
3610 1.000000
3615 1.000000
3620 1.000000
3625 1.000000
3630 1.000000
3635 1.000000
3640 1.000000
3645 1.000000
3650 1.000000
3655 1.000000
3660 1.000000
3665 1.000000
3670 1.000000
3675 1.000000
3680 1.000000
3685 1.000000
3690 1.000000
3695 1.000000
3700 1.000000
3705 1.000000
3710 1.000000
3715 1.000000
3720 1.000000
3725 1.000000
3730 1.000000
3735 1.000000
3740 1.000000
3745 1.000000
3750 1.000000
3755 1.000000
3760 1.000000
3765 1.000000
3770 1.000000
3775 1.000000
3780 1.000000
3785 1.000000
3790 1.000000
3795 1.000000
3800 1.000000
3805 1.000000
3810 1.000000
3815 1.000000
3820 1.000000
3825 1.000000
3830 1.000000
3835 1.000000
3840 1.000000
3845 1.000000
3850 1.000000
3855 1.000000
3860 1.000000
3865 1.000000
3870 1.000000
3875 1.000000
3880 1.000000
3885 1.000000
3890 1.000000
3895 1.000000
3900 1.000000
3905 1.000000
3910 1.000000
3915 1.000000
3920 1.000000
3925 1.000000
3930 1.000000
3935 1.000000
3940 1.000000
3945 1.000000
3950 1.000000
3955 1.000000
3960 1.000000
3965 1.000000
3970 1.000000
3975 1.000000
3980 1.000000
3985 1.000000
3990 1.000000
3995 1.000000
4000 1.000000
4005 1.000000
4010 1.000000
4015 1.000000
4020 1.000000
4025 1.000000
4030 1.000000
4035 1.000000
4040 1.000000
4045 1.000000
4050 1.000000
4055 1.000000
4060 1.000000
4065 1.000000
4070 1.000000
4075 1.000000
4080 1.000000
4085 1.000000
4090 1.000000
4095 1.000000
4100 1.000000
4105 1.000000
4110 1.000000
4115 1.000000
4120 1.000000
4125 1.000000
4130 1.000000
4135 1.000000
4140 1.000000
4145 1.000000
4150 1.000000
4155 1.000000
4160 1.000000
4165 1.000000
4170 1.000000
4175 1.000000
4180 1.000000
4185 1.000000
4190 1.000000
4195 1.000000
4200 1.000000
4205 1.000000
4210 1.000000
4215 1.000000
4220 1.000000
4225 1.000000
4230 1.000000
4235 1.000000
4240 1.000000
4245 1.000000
4250 1.000000
4255 1.000000
4260 1.000000
4265 1.000000
4270 1.002193
4275 1.000000
4280 1.000000
4285 1.000000
4290 1.000000
4295 1.000000
4300 1.000000
4305 1.000000
4310 1.000000
4315 1.000000
4320 1.000000
4325 1.000000
4330 1.000000
4335 1.000000
4340 1.000000
4345 1.000000
4350 1.000000
4355 1.000000
4360 1.000000
