0 0.134357
5 3.253359
10 2.738964
15 1.761996
20 1.437620
25 1.101727
30 0.959693
35 0.752399
40 0.616123
45 0.441459
50 0.420345
55 0.474088
60 0.892514
65 0.769674
70 0.756238
75 0.758157
80 0.723608
85 0.673704
90 0.621881
95 0.593090
100 0.545106
105 0.523992
110 0.493282
115 0.497121
120 0.533589
125 0.589251
130 0.641075
135 0.662188
140 0.769674
145 0.819578
150 0.792706
155 0.742802
160 0.698656
165 0.662188
170 0.621881
175 0.612284
180 0.598848
185 0.612284
190 0.758157
195 0.844530
200 0.800384
205 0.792706
210 0.785029
215 0.771593
220 0.756238
225 0.737044
230 0.715931
235 0.719770
240 0.712092
245 0.708253
250 0.731286
255 0.750480
260 0.769674
265 0.777351
270 0.781190
275 0.781190
280 0.802303
285 0.930902
290 0.873321
295 0.976967
300 0.948177
305 0.882917
310 0.836852
315 0.834933
320 0.857965
325 0.890595
330 0.856046
335 0.857965
340 0.854127
345 0.850288
350 0.848369
355 0.863724
360 0.867562
365 0.879079
370 0.875240
375 0.871401
380 0.884837
385 0.892514
390 0.898273
395 0.907869
400 0.905950
405 0.902111
410 0.902111
415 0.902111
420 0.898273
425 0.896353
430 0.896353
435 0.902111
440 0.917466
445 0.923225
450 0.925144
455 0.923225
460 0.921305
465 0.921305
470 0.917466
475 0.917466
480 0.911708
485 0.911708
490 0.911708
495 0.913628
500 0.925144
505 0.930902
510 0.940499
515 0.942418
520 0.940499
525 0.940499
530 0.934741
535 0.930902
540 0.928983
545 0.925144
550 0.928983
555 0.944338
560 0.944338
565 0.946257
570 0.948177
575 0.950096
580 0.952015
585 0.952015
590 0.950096
595 0.944338
600 0.942418
605 0.940499
610 0.942418
615 0.948177
620 0.952015
625 0.957774
630 0.957774
635 0.957774
640 0.959693
645 0.957774
650 0.957774
655 0.955854
660 0.955854
665 0.955854
670 0.957774
675 0.959693
680 0.961612
685 0.961612
690 0.963532
695 0.963532
700 0.963532
705 0.963532
710 0.963532
715 0.963532
720 0.963532
725 0.963532
730 0.963532
735 0.963532
740 0.965451
745 0.963532
750 0.965451
755 0.965451
760 0.967370
765 0.967370
770 0.967370
775 0.967370
780 0.967370
785 0.969290
790 0.967370
795 0.967370
800 0.967370
805 0.969290
810 0.969290
815 0.969290
820 0.969290
825 0.971209
830 0.973129
835 0.973129
840 0.971209
845 0.973129
850 0.973129
855 0.973129
860 0.973129
865 0.971209
870 0.973129
875 0.971209
880 0.971209
885 0.971209
890 0.973129
895 0.973129
900 0.973129
905 0.975048
910 0.975048
915 0.976967
920 0.976967
925 0.976967
930 0.976967
935 0.975048
940 0.975048
945 0.975048
950 0.975048
955 0.975048
960 0.975048
965 0.978887
970 0.978887
975 0.978887
980 0.978887
985 0.978887
990 0.978887
995 0.976967
1000 0.978887
1005 0.976967
1010 0.976967
1015 0.976967
1020 0.978887
1025 0.978887
1030 0.978887
1035 0.980806
1040 0.980806
1045 0.978887
1050 0.980806
1055 0.978887
1060 0.980806
1065 0.978887
1070 0.980806
1075 0.978887
1080 0.978887
1085 0.980806
1090 0.980806
1095 0.980806
1100 0.980806
1105 0.980806
1110 0.982726
1115 0.982726
1120 0.982726
1125 0.980806
1130 0.982726
1135 0.982726
1140 0.982726
1145 0.982726
1150 0.982726
1155 0.984645
1160 0.984645
1165 0.986564
1170 0.986564
1175 0.986564
1180 0.986564
1185 0.984645
1190 0.986564
1195 0.984645
1200 0.984645
1205 0.984645
1210 0.984645
1215 0.984645
1220 0.984645
1225 0.986564
1230 0.986564
1235 0.986564
1240 0.988484
1245 0.986564
1250 0.988484
1255 0.986564
1260 0.988484
1265 0.988484
1270 0.986564
1275 0.986564
1280 0.986564
1285 0.988484
1290 0.988484
1295 0.988484
1300 0.988484
1305 0.988484
1310 0.990403
1315 0.988484
1320 0.990403
1325 0.988484
1330 0.988484
1335 0.988484
1340 0.988484
1345 0.988484
1350 0.988484
1355 0.990403
1360 0.990403
1365 0.990403
1370 0.990403
1375 0.990403
1380 0.990403
1385 0.990403
1390 0.990403
1395 0.988484
1400 0.990403
1405 0.990403
1410 0.990403
1415 0.990403
1420 0.990403
1425 0.990403
1430 0.990403
1435 0.990403
1440 0.990403
1445 0.990403
1450 0.990403
1455 0.990403
1460 0.990403
1465 0.990403
1470 0.990403
1475 0.990403
1480 0.990403
1485 0.992322
1490 0.990403
1495 0.990403
1500 0.990403
1505 0.990403
1510 0.990403
1515 0.990403
1520 0.992322
1525 0.990403
1530 0.990403
1535 0.990403
1540 0.990403
1545 0.992322
1550 0.990403
1555 0.992322
1560 0.990403
1565 0.992322
1570 0.992322
1575 0.990403
1580 0.992322
1585 0.990403
1590 0.992322
1595 0.990403
1600 0.992322
1605 0.992322
1610 0.990403
1615 0.992322
1620 0.990403
1625 0.992322
1630 0.990403
1635 0.990403
1640 0.992322
1645 0.992322
1650 0.992322
1655 0.990403
1660 1.000000
1665 0.998081
1670 0.998081
1675 1.000000
1680 0.998081
1685 1.000000
1690 0.998081
1695 1.000000
1700 0.998081
1705 0.998081
1710 1.000000
1715 0.998081
1720 1.000000
1725 0.998081
1730 1.000000
1735 0.998081
1740 0.998081
1745 1.000000
1750 0.998081
1755 1.000000
1760 0.998081
1765 1.000000
1770 0.998081
1775 0.998081
1780 0.998081
1785 0.998081
1790 1.000000
1795 0.998081
1800 1.000000
1805 1.000000
1810 1.000000
1815 1.000000
1820 1.000000
1825 1.000000
1830 0.998081
1835 1.000000
1840 0.998081
1845 0.998081
1850 1.000000
1855 0.998081
1860 1.000000
1865 0.998081
1870 1.000000
1875 1.000000
1880 1.000000
