0 0.041026
5 0.102564
10 0.230769
15 0.535897
20 3.305128
25 5.520513
30 6.017949
35 5.874359
40 5.825641
45 5.746154
50 5.458974
55 5.494872
60 5.643590
65 5.953846
70 5.923077
75 5.802564
80 5.476923
85 5.638462
90 5.925641
95 6.100000
100 6.228205
105 5.928205
110 5.866667
115 5.792308
120 5.758974
125 5.664103
130 5.407692
135 5.420513
140 5.461538
145 5.466667
150 5.200000
155 5.038462
160 5.007692
165 5.082051
170 5.033333
175 4.971795
180 5.151282
185 5.015385
190 4.882051
195 4.741026
200 4.728205
205 4.820513
210 4.743590
215 4.579487
220 4.694872
225 4.582051
230 4.551282
235 4.733333
240 4.607692
245 4.430769
250 4.392308
255 4.300000
260 4.610256
265 4.643590
270 4.815385
275 5.012821
280 4.725641
285 4.782051
290 4.843590
295 4.692308
300 5.071795
305 5.792308
310 6.269231
315 6.517949
320 6.364103
325 6.820513
330 7.187179
335 7.084615
340 7.000000
345 7.174359
350 7.138462
355 6.982051
360 6.830769
365 6.874359
370 6.610256
375 6.461538
380 6.361538
385 6.151282
390 5.856410
395 5.858974
400 5.697436
405 5.930769
410 5.728205
415 5.700000
420 5.564103
425 5.469231
430 5.346154
435 5.205128
440 5.235897
445 5.135897
450 5.110256
455 4.951282
460 4.687179
465 4.758974
470 4.787179
475 4.671795
480 4.643590
485 4.400000
490 4.451282
495 4.338462
500 4.330769
505 4.179487
510 4.210256
515 4.166667
520 4.069231
525 3.879487
530 3.871795
535 3.835897
540 3.782051
545 3.810256
550 3.707692
555 3.705128
560 3.630769
565 3.541026
570 3.507692
575 3.482051
580 3.487179
585 3.451282
590 3.307692
595 3.292308
600 3.289744
605 3.228205
610 3.235897
615 3.223077
620 3.143590
625 3.164103
630 3.097436
635 2.956410
640 3.053846
645 3.005128
650 2.943590
655 2.861538
660 2.820513
665 2.876923
670 2.953846
675 2.889744
680 2.951282
685 2.889744
690 2.751282
695 2.589744
700 2.551282
705 2.605128
710 2.684615
715 2.697436
720 2.682051
725 2.548718
730 2.458974
735 2.515385
740 2.443590
745 2.300000
750 2.369231
755 2.441026
760 2.405128
765 2.302564
770 2.484615
775 2.625641
780 2.669231
785 2.517949
790 2.628205
795 2.548718
800 2.458974
805 2.376923
810 2.410256
815 2.502564
820 2.497436
825 2.423077
830 2.479487
835 2.525641
840 2.343590
845 2.284615
850 2.300000
855 2.351282
860 2.376923
865 2.248718
870 2.182051
875 2.112821
880 2.107692
885 2.069231
890 2.066667
895 2.025641
900 2.061538
905 2.053846
910 1.984615
915 2.010256
920 2.074359
925 2.038462
930 1.900000
935 1.897436
940 1.915385
945 1.876923
950 1.812821
955 1.807692
960 1.815385
965 1.856410
970 1.864103
975 1.871795
980 1.856410
985 1.812821
990 1.787179
995 1.697436
1000 1.710256
1005 1.748718
1010 1.743590
1015 1.761538
1020 1.720513
1025 1.707692
1030 1.741026
1035 1.641026
1040 1.607692
1045 1.620513
1050 1.584615
1055 1.558974
1060 1.541026
1065 1.587179
1070 1.694872
1075 1.705128
1080 1.628205
1085 1.592308
1090 1.602564
1095 1.574359
1100 1.546154
1105 1.564103
1110 1.582051
1115 1.643590
1120 1.566667
1125 1.548718
1130 1.605128
1135 1.528205
1140 1.494872
1145 1.497436
1150 1.471795
1155 1.492308
1160 1.517949
1165 1.502564
1170 1.497436
1175 1.512821
1180 1.489744
1185 1.458974
1190 1.487179
1195 1.464103
1200 1.469231
1205 1.469231
1210 1.441026
1215 1.417949
1220 1.479487
1225 1.469231
1230 1.461538
1235 1.400000
1240 1.379487
1245 1.361538
1250 1.320513
1255 1.333333
1260 1.346154
1265 1.361538
1270 1.361538
1275 1.312821
1280 1.300000
1285 1.315385
1290 1.297436
1295 1.271795
1300 1.312821
1305 1.302564
1310 1.305128
1315 1.305128
1320 1.287179
1325 1.276923
1330 1.284615
1335 1.233333
1340 1.225641
1345 1.212821
1350 1.233333
1355 1.235897
1360 1.220513
1365 1.223077
1370 1.220513
1375 1.215385
1380 1.197436
1385 1.182051
1390 1.176923
1395 1.176923
1400 1.176923
1405 1.171795
1410 1.179487
1415 1.179487
1420 1.164103
1425 1.189744
1430 1.192308
1435 1.189744
1440 1.171795
1445 1.169231
1450 1.166667
1455 1.164103
1460 1.151282
1465 1.151282
1470 1.151282
1475 1.143590
1480 1.143590
1485 1.148718
1490 1.146154
1495 1.135897
1500 1.130769
1505 1.128205
1510 1.128205
1515 1.112821
1520 1.110256
1525 1.107692
1530 1.102564
1535 1.076923
1540 1.076923
1545 1.066667
1550 1.069231
1555 1.076923
1560 1.079487
1565 1.082051
1570 1.087179
1575 1.087179
1580 1.082051
1585 1.082051
1590 1.087179
1595 1.082051
1600 1.069231
1605 1.069231
1610 1.066667
1615 1.066667
1620 1.061538
1625 1.058974
1630 1.058974
1635 1.058974
1640 1.051282
1645 1.051282
1650 1.053846
1655 1.053846
1660 1.051282
1665 1.043590
1670 1.046154
1675 1.051282
1680 1.056410
1685 1.051282
1690 1.051282
1695 1.051282
1700 1.053846
1705 1.046154
1710 1.043590
1715 1.038462
1720 1.038462
1725 1.033333
1730 1.035897
1735 1.038462
1740 1.035897
1745 1.030769
1750 1.028205
1755 1.028205
1760 1.028205
1765 1.025641
1770 1.023077
1775 1.025641
1780 1.020513
1785 1.017949
1790 1.015385
1795 1.015385
1800 1.012821
1805 1.012821
1810 1.012821
1815 1.012821
1820 1.010256
1825 1.007692
1830 1.007692
1835 1.005128
1840 1.005128
1845 1.005128
1850 1.005128
1855 1.002564
1860 1.002564
1865 1.002564
1870 1.002564
1875 1.002564
1880 1.002564
1885 1.002564
1890 1.002564
1895 1.000000
1900 1.002564
1905 1.000000
1910 1.002564
1915 1.000000
1920 1.000000
1925 1.000000
1930 1.000000
1935 1.000000
1940 1.000000
1945 1.000000
1950 0.997436
1955 1.000000
1960 0.997436
1965 0.997436
1970 0.997436
1975 1.000000
1980 0.997436
1985 1.000000
1990 1.000000
1995 1.000000
2000 1.000000
2005 1.000000
2010 1.000000
2015 1.000000
2020 1.000000
2025 1.000000
2030 1.000000
2035 1.000000
2040 1.002564
2045 1.002564
2050 1.002564
2055 1.002564
2060 1.002564
2065 1.000000
2070 1.000000
2075 1.000000
2080 1.000000
2085 1.000000
2090 1.000000
2095 1.000000
2100 1.002564
2105 1.002564
2110 1.000000
2115 1.000000
2120 1.000000
2125 1.000000
2130 0.997436
2135 1.000000
2140 0.997436
2145 1.000000
2150 0.997436
2155 0.997436
2160 0.997436
2165 0.997436
2170 0.997436
2175 0.997436
2180 0.994872
2185 0.997436
2190 0.994872
2195 0.994872
2200 0.994872
2205 0.994872
2210 0.994872
2215 0.994872
2220 0.994872
2225 0.994872
2230 0.994872
2235 0.994872
2240 0.994872
2245 0.994872
2250 0.994872
2255 0.994872
2260 0.994872
2265 0.994872
2270 0.994872
2275 0.992308
2280 0.994872
2285 0.994872
2290 0.994872
2295 0.994872
2300 0.992308
2305 0.994872
2310 0.992308
2315 0.994872
2320 0.992308
2325 0.994872
2330 0.992308
2335 0.994872
2340 0.992308
2345 0.994872
2350 0.992308
2355 0.994872
2360 0.992308
2365 0.994872
2370 0.992308
2375 0.994872
2380 0.994872
2385 0.994872
2390 0.994872
2395 0.994872
2400 0.994872
2405 0.992308
2410 0.994872
2415 0.994872
2420 0.994872
2425 0.994872
2430 0.994872
2435 0.994872
2440 0.994872
2445 0.992308
2450 0.994872
2455 0.994872
2460 0.994872
2465 0.992308
2470 0.994872
2475 0.994872
2480 0.994872
2485 0.994872
2490 0.994872
2495 0.994872
2500 0.994872
2505 0.994872
2510 0.992308
2515 0.994872
2520 0.994872
2525 0.994872
2530 0.994872
2535 0.994872
2540 0.994872
2545 0.994872
2550 0.994872
2555 0.994872
2560 0.992308
2565 0.994872
2570 0.994872
2575 0.994872
2580 0.994872
2585 0.994872
2590 0.994872
2595 0.994872
2600 0.994872
2605 0.994872
2610 0.994872
2615 0.994872
2620 0.994872
2625 0.994872
2630 0.994872
2635 0.994872
2640 0.994872
2645 0.994872
2650 0.994872
2655 0.992308
2660 0.994872
2665 0.992308
2670 0.994872
2675 0.994872
2680 0.994872
2685 0.994872
2690 0.994872
2695 0.994872
2700 0.994872
2705 0.994872
2710 0.994872
2715 0.994872
2720 0.994872
2725 0.994872
2730 0.992308
2735 0.994872
2740 0.992308
2745 0.994872
2750 0.992308
2755 0.994872
2760 0.994872
2765 0.994872
2770 0.992308
2775 0.994872
2780 0.992308
2785 0.994872
2790 0.994872
2795 0.994872
2800 0.994872
2805 0.994872
2810 0.994872
2815 0.994872
2820 0.994872
2825 0.994872
2830 0.994872
2835 0.992308
2840 0.994872
2845 0.994872
2850 0.994872
2855 0.994872
2860 0.994872
2865 0.994872
2870 0.994872
2875 0.994872
2880 0.994872
2885 0.994872
2890 0.994872
2895 0.994872
2900 0.994872
2905 0.997436
2910 0.997436
2915 0.997436
2920 0.994872
2925 0.997436
2930 0.994872
2935 0.997436
2940 0.997436
2945 0.997436
2950 0.997436
2955 0.997436
2960 0.997436
2965 0.997436
2970 0.997436
2975 0.997436
2980 0.997436
2985 0.997436
2990 0.997436
2995 0.997436
3000 0.997436
3005 0.997436
3010 0.997436
3015 0.997436
3020 0.997436
3025 0.997436
3030 0.997436
3035 0.997436
3040 0.997436
3045 0.997436
3050 0.997436
3055 0.997436
3060 0.997436
3065 0.997436
3070 0.997436
3075 0.997436
3080 0.997436
3085 0.997436
3090 0.997436
3095 0.997436
3100 0.997436
3105 0.997436
3110 0.997436
3115 0.997436
3120 0.997436
3125 0.997436
3130 0.997436
3135 0.997436
3140 0.997436
3145 0.997436
3150 0.997436
3155 0.997436
3160 0.994872
3165 0.997436
3170 0.997436
3175 0.997436
3180 0.994872
3185 0.997436
3190 0.994872
3195 0.997436
3200 0.997436
3205 0.997436
3210 0.997436
3215 0.997436
3220 0.997436
3225 0.997436
3230 0.997436
3235 0.997436
3240 0.997436
3245 0.994872
3250 0.997436
3255 0.997436
3260 0.997436
3265 0.997436
3270 0.997436
3275 0.997436
3280 0.997436
3285 0.994872
3290 0.997436
3295 0.997436
3300 0.997436
3305 0.997436
3310 0.997436
3315 0.997436
3320 0.997436
3325 0.997436
3330 0.994872
3335 0.997436
3340 0.994872
3345 0.997436
3350 0.994872
3355 0.997436
3360 0.997436
3365 0.997436
3370 0.994872
3375 0.997436
3380 0.994872
3385 0.997436
3390 0.994872
3395 0.997436
3400 0.994872
3405 0.997436
3410 0.997436
3415 0.997436
3420 0.997436
3425 0.997436
3430 0.997436
3435 0.997436
3440 0.997436
3445 0.997436
3450 0.997436
3455 0.997436
3460 0.997436
3465 0.997436
3470 0.997436
3475 0.997436
3480 0.997436
3485 0.997436
3490 0.997436
3495 0.994872
3500 0.997436
3505 0.997436
3510 0.997436
3515 0.997436
3520 0.997436
3525 0.997436
3530 0.997436
3535 0.997436
3540 0.997436
3545 0.997436
3550 0.997436
3555 0.997436
3560 0.997436
3565 0.997436
3570 0.997436
3575 0.997436
3580 0.997436
3585 0.997436
3590 0.997436
3595 0.997436
3600 0.997436
3605 0.997436
3610 0.997436
3615 0.997436
3620 0.997436
3625 0.997436
3630 0.997436
3635 0.997436
3640 0.997436
3645 0.997436
3650 0.997436
3655 0.997436
3660 0.997436
3665 0.997436
3670 0.997436
3675 0.997436
3680 0.997436
3685 0.997436
3690 0.997436
3695 0.997436
3700 1.000000
3705 0.997436
3710 0.997436
3715 0.997436
3720 0.997436
3725 0.997436
3730 0.997436
3735 0.997436
3740 0.997436
3745 0.997436
3750 0.997436
3755 0.997436
3760 0.997436
3765 0.997436
3770 0.997436
3775 0.997436
3780 0.997436
3785 0.997436
3790 0.997436
3795 0.997436
3800 0.997436
3805 1.000000
3810 0.997436
3815 0.997436
3820 0.997436
3825 0.997436
3830 0.997436
3835 0.997436
3840 0.997436
3845 0.997436
3850 0.997436
3855 0.997436
3860 0.997436
3865 0.997436
3870 0.997436
3875 0.997436
3880 0.997436
3885 0.997436
3890 0.997436
3895 0.997436
3900 0.997436
3905 0.997436
3910 0.997436
3915 0.997436
3920 0.997436
3925 0.997436
3930 0.997436
3935 0.997436
3940 0.997436
3945 0.997436
3950 0.997436
3955 0.997436
3960 0.997436
3965 0.997436
3970 0.997436
3975 0.997436
3980 0.997436
3985 0.997436
3990 0.997436
3995 0.997436
4000 0.997436
4005 1.000000
4010 0.997436
4015 1.000000
4020 0.997436
4025 1.000000
4030 0.997436
4035 0.997436
4040 0.997436
4045 0.997436
4050 0.997436
4055 0.997436
4060 0.997436
4065 0.997436
4070 0.997436
4075 0.997436
4080 0.997436
4085 0.997436
4090 0.997436
4095 0.997436
4100 0.997436
4105 0.997436
4110 1.000000
4115 0.997436
4120 1.000000
4125 0.997436
4130 1.000000
4135 0.997436
4140 1.000000
4145 1.000000
4150 0.997436
4155 1.000000
4160 0.997436
4165 0.997436
4170 1.000000
4175 1.000000
4180 0.997436
4185 1.000000
4190 0.997436
4195 1.000000
4200 0.997436
4205 1.000000
4210 0.997436
4215 1.000000
4220 0.997436
4225 1.000000
4230 0.997436
4235 1.000000
4240 0.997436
4245 1.000000
4250 1.000000
4255 1.000000
4260 1.000000
4265 1.000000
4270 1.000000
4275 1.000000
4280 1.000000
4285 1.000000
4290 1.000000
4295 1.000000
4300 1.000000
4305 0.997436
4310 1.000000
4315 1.000000
4320 1.000000
4325 1.000000
4330 1.000000
4335 0.997436
4340 1.000000
4345 1.000000
4350 1.000000
4355 0.997436
4360 1.000000
4365 1.000000
4370 1.000000
4375 1.000000
4380 1.000000
4385 1.000000
4390 1.000000
4395 1.000000
4400 1.000000
4405 1.000000
4410 1.000000
4415 1.000000
4420 0.997436
4425 1.000000
4430 1.000000
4435 1.000000
4440 0.997436
4445 1.000000
4450 0.997436
4455 1.000000
4460 1.000000
4465 1.000000
4470 1.000000
4475 1.000000
4480 1.000000
4485 1.000000
4490 1.000000
4495 1.000000
4500 1.000000
4505 1.000000
4510 1.000000
4515 1.000000
4520 1.000000
4525 1.000000
4530 1.000000
4535 1.000000
4540 1.000000
4545 1.000000
4550 1.000000
4555 1.000000
4560 1.000000
4565 1.000000
4570 1.000000
4575 1.000000
4580 1.000000
4585 1.000000
4590 1.000000
4595 1.000000
4600 1.000000
4605 1.000000
4610 1.000000
4615 1.000000
4620 1.000000
4625 1.000000
4630 1.000000
4635 1.000000
4640 1.000000
4645 1.000000
4650 1.000000
4655 1.000000
4660 1.000000
4665 1.000000
4670 1.000000
4675 1.000000
4680 1.000000
4685 1.000000
4690 1.000000
4695 1.000000
4700 1.000000
4705 1.000000
4710 1.000000
4715 1.000000
4720 1.000000
4725 1.000000
4730 1.000000
4735 1.000000
4740 1.000000
4745 1.000000
4750 1.000000
4755 1.000000
4760 1.000000
4765 1.000000
4770 1.000000
4775 1.000000
4780 1.000000
4785 1.000000
4790 1.000000
4795 1.000000
4800 1.000000
4805 1.000000
4810 1.000000
4815 1.000000
4820 1.000000
4825 1.000000
4830 1.000000
4835 1.000000
4840 1.000000
4845 1.000000
