0 -0.021747
5 -0.045505
10 -0.099164
15 -0.216314
20 0.498949
25 1.029308
30 1.115801
35 1.091880
40 1.083192
45 1.064682
50 1.001308
55 1.006654
60 1.036029
65 1.094092
70 1.089573
75 1.070548
80 1.012813
85 1.043314
90 1.093907
95 1.124330
100 1.145619
105 1.095887
110 1.085515
115 1.072644
120 1.066823
125 1.050130
130 1.002776
135 1.005446
140 1.013501
145 1.014620
150 0.963430
155 0.930988
160 0.924640
165 0.939906
170 0.929933
175 0.917178
180 0.953984
185 0.926426
190 0.898666
195 0.868027
200 0.865313
205 0.885578
210 0.869040
215 0.832490
220 0.858500
225 0.833076
230 0.826020
235 0.867010
240 0.838916
245 0.797851
250 0.788815
255 0.766577
260 0.839741
265 0.847269
270 0.885123
275 0.926883
280 0.865658
285 0.878011
290 0.891409
295 0.858514
300 0.939257
305 1.074970
310 1.154423
315 1.193497
320 1.169679
325 1.238814
330 1.290704
335 1.276612
340 1.264752
345 1.289111
350 1.283590
355 1.261751
360 1.240117
365 1.246445
370 1.207348
375 1.184526
380 1.168439
385 1.134645
390 1.084838
395 1.083738
400 1.056473
405 1.097453
410 1.062107
415 1.056724
420 1.032638
425 1.015023
430 0.991564
435 0.962217
440 0.967279
445 0.948576
450 0.943817
455 0.911507
460 0.854622
465 0.870766
470 0.877052
475 0.851285
480 0.844135
485 0.787478
490 0.800252
495 0.772402
500 0.770383
505 0.732781
510 0.740609
515 0.729647
520 0.704179
525 0.653707
530 0.651569
535 0.641347
540 0.617659
545 0.625511
550 0.595204
555 0.596595
560 0.576751
565 0.550674
570 0.540927
575 0.534445
580 0.535604
585 0.516405
590 0.465622
595 0.462232
600 0.465272
605 0.447000
610 0.450190
615 0.446036
620 0.418174
625 0.421239
630 0.396039
635 0.345029
640 0.383599
645 0.366759
650 0.344151
655 0.311583
660 0.295654
665 0.316914
670 0.345707
675 0.320168
680 0.344725
685 0.318764
690 0.259206
695 0.188898
700 0.175420
705 0.203541
710 0.239424
715 0.244815
720 0.236612
725 0.179651
730 0.124201
735 0.145917
740 0.102480
745 0.026686
750 0.078972
755 0.124740
760 0.108897
765 0.058598
770 0.135839
775 0.178383
780 0.183205
785 0.113472
790 0.183056
795 0.161023
800 0.124720
805 0.085616
810 0.101324
815 0.141330
820 0.107097
825 0.081295
830 0.117255
835 0.141012
840 0.057502
845 0.033156
850 0.041696
855 0.066568
860 0.076072
865 0.009287
870 -0.018857
875 -0.055696
880 -0.070100
885 -0.098409
890 -0.101497
895 -0.125706
900 -0.093989
905 -0.095096
910 -0.129562
915 -0.110423
920 -0.080222
925 -0.146289
930 -0.240546
935 -0.237469
940 -0.200512
945 -0.205200
950 -0.244667
955 -0.243224
960 -0.248781
965 -0.231708
970 -0.263129
975 -0.285338
980 -0.276609
985 -0.273114
990 -0.283099
995 -0.345206
1000 -0.335291
1005 -0.307193
1010 -0.306798
1015 -0.306085
1020 -0.336258
1025 -0.346295
1030 -0.319843
1035 -0.400786
1040 -0.424148
1045 -0.404512
1050 -0.424208
1055 -0.444805
1060 -0.467261
1065 -0.446548
1070 -0.383333
1075 -0.400695
1080 -0.453236
1085 -0.449265
1090 -0.419913
1095 -0.432752
1100 -0.453459
1105 -0.436355
1110 -0.427552
1115 -0.409245
1120 -0.482794
1125 -0.489344
1130 -0.449345
1135 -0.491984
1140 -0.491408
1145 -0.482333
1150 -0.497126
1155 -0.504298
1160 -0.508297
1165 -0.523136
1170 -0.511935
1175 -0.526614
1180 -0.614823
1185 -0.670516
1190 -0.649999
1195 -0.641331
1200 -0.570898
1205 -0.545294
1210 -0.559170
1215 -0.575055
1220 -0.592381
1225 -0.705101
1230 -0.765426
1235 -0.784080
1240 -0.715129
1245 -0.661936
1250 -0.678043
1255 -0.662026
1260 -0.668027
1265 -0.755474
1270 -0.824599
1275 -0.840451
1280 -0.823328
1285 -0.763037
1290 -0.746642
1295 -0.736503
1300 -0.706389
1305 -0.737513
1310 -0.776656
1315 -0.757375
1320 -0.765154
1325 -0.775392
1330 -0.884875
1335 -0.928128
1340 -0.883865
1345 -0.853396
1350 -0.799070
1355 -0.744072
1360 -0.723536
1365 -0.725093
1370 -0.807099
1375 -1.012226
1380 -1.084750
1385 -1.117424
1390 -1.043262
1395 -0.932182
1400 -0.831922
1405 -0.805228
1410 -0.824040
1415 -0.877576
1420 -1.053879
1425 -1.100994
1430 -0.968902
1435 -0.868034
1440 -0.861406
1445 -0.845875
1450 -0.837150
1455 -0.841762
1460 -0.896703
1465 -0.940591
1470 -0.951880
1475 -0.918816
1480 -0.911489
1485 -0.908842
1490 -0.899322
1495 -0.889887
1500 -0.892198
1505 -0.900577
1510 -0.915253
1515 -0.899669
1520 -0.889701
1525 -0.912736
1530 -1.082640
1535 -1.127848
1540 -1.002717
1545 -0.964880
1550 -0.972233
1555 -0.969949
1560 -0.949286
1565 -0.956359
1570 -1.094962
1575 -1.166653
1580 -1.139894
1585 -1.047843
1590 -0.978603
1595 -0.944576
1600 -0.936570
1605 -0.928835
1610 -0.985176
1615 -1.005947
1620 -1.037419
1625 -1.064765
1630 -1.120515
1635 -1.008080
1640 -0.956472
1645 -0.952489
1650 -0.972037
1655 -1.043920
1660 -1.044568
1665 -1.041909
1670 -1.105254
1675 -1.162392
1680 -1.030143
1685 -1.022779
1690 -1.022779
1695 -1.071445
1700 -1.098433
1705 -1.095837
1710 -1.087130
1715 -1.191833
1720 -1.121436
1725 -1.117664
1730 -1.126836
1735 -1.171137
1740 -1.229968
1745 -1.198908
1750 -1.194148
1755 -1.259706
1760 -1.361885
1765 -1.375440
1770 -1.376085
1775 -1.375440
1780 -1.458342
1785 -1.451841
1790 -1.452367
1795 -1.466675
1800 -1.519207
1805 -1.542514
1810 -1.519207
1815 -1.534676
1820 -1.550880
1825 -1.575450
1830 -1.591977
1835 -1.600643
1840 -1.609113
1845 -1.617666
1850 -1.600643
1855 -1.559646
1860 -1.543710
1865 -1.551642
1870 -1.600814
1875 -1.680222
1880 -1.727689
1885 -1.708390
1890 -1.661938
1895 -1.662003
1900 -1.680222
1905 -1.727766
1910 -1.737502
1915 -1.737580
1920 -1.737580
1925 -1.747507
1930 -1.747507
1935 -1.747507
1940 -1.718061
1945 -1.689580
1950 -1.689510
1955 -1.698970
1960 -1.689510
1965 -1.698899
1970 -1.747427
1975 -1.777987
1980 -1.809484
1985 -1.809576
1990 -1.777987
1995 -1.698970
2000 -1.617903
2005 -1.617903
2010 -1.626546
2015 -1.777987
2020 -1.864918
2025 -1.899900
2030 -1.961528
2035 -1.831291
2040 -1.689510
2045 -1.635214
2050 -1.635214
2055 -1.737502
2060 -1.887972
2065 -1.936350
2070 -1.961528
2075 -1.961528
2080 -1.831291
2085 -1.747507
2090 -1.757549
2095 -1.809576
2100 -2.000576
2105 -2.000576
2110 -2.000719
2115 -2.014186
2120 -2.041762
2125 -2.027865
2130 -1.936226
2135 -1.936350
2140 -1.961397
2145 -1.961528
2150 -1.923909
2155 -1.923909
2160 -2.027712
2165 -2.070075
2170 -2.000576
2175 -2.000576
2180 -2.013596
2185 -2.114610
2190 -2.069572
2195 -2.055237
2200 -2.055237
2205 -2.084148
2210 -2.114053
2215 -2.114053
2220 -2.145022
2225 -2.160930
2230 -2.160930
2235 -2.114053
2240 -2.114053
2245 -2.114053
2250 -2.129400
2255 -2.129400
2260 -2.160930
2265 -2.177134
2270 -2.210477
2275 -2.209320
2280 -2.193646
2285 -2.193646
2290 -2.193646
2295 -2.193646
2300 -2.209320
2305 -2.245148
2310 -2.243895
2315 -2.245148
2320 -2.261709
2325 -2.299889
2330 -2.298468
2335 -2.318929
2340 -2.336841
2345 -2.338394
2350 -2.298468
2355 -2.299889
2360 -2.298468
2365 -2.318929
2370 -2.356678
2375 -2.378679
2380 -2.378679
2385 -2.420918
2390 -2.399543
2395 -2.378679
2400 -2.358304
2405 -2.376975
2410 -2.399543
2415 -2.488380
2420 -2.442830
2425 -2.420918
2430 -2.420918
2435 -2.420918
2440 -2.442830
2445 -2.440856
2450 -2.465308
2455 -2.442830
2460 -2.263016
2465 -2.192533
2470 -2.210477
2475 -2.318929
2480 -2.536441
2485 -2.641315
2490 -2.729158
2495 -2.698885
2500 -2.488380
2505 -2.399543
2510 -2.376975
2515 -2.399543
2520 -2.512080
2525 -2.561502
2530 -2.587304
2535 -2.561502
2540 -2.378679
2545 -2.318929
2550 -2.299889
2555 -2.318929
2560 -2.440856
2565 -2.561502
2570 -2.512080
2575 -2.488380
2580 -2.465308
2585 -2.420918
2590 -2.399543
2595 -2.420918
2600 -2.420918
2605 -2.442830
2610 -2.399543
2615 -2.378679
2620 -2.378679
2625 -2.420918
2630 -2.587304
2635 -2.698885
2640 -2.826816
2645 -2.760516
2650 -2.587304
2655 -2.533993
2660 -2.536441
2665 -2.533993
2670 -2.587304
2675 -2.698885
2680 -2.760516
2685 -2.613892
2690 -2.613892
2695 -2.587304
2700 -2.587304
2705 -2.587304
2710 -2.587304
2715 -2.613892
2720 -2.613892
2725 -2.613892
2730 -2.610968
2735 -2.641315
2740 -2.638200
2745 -2.669626
2750 -2.610968
2755 -2.587304
2760 -2.587304
2765 -2.587304
2770 -2.558909
2775 -2.587304
2780 -2.638200
2785 -2.729158
2790 -2.698885
2795 -2.698885
2800 -2.669626
2805 -2.641315
2810 -2.641315
2815 -2.641315
2820 -2.641315
2825 -2.641315
2830 -2.669626
2835 -2.666303
2840 -2.698885
2845 -2.698885
2850 -2.793039
2855 -2.760516
2860 -2.760516
2865 -2.613892
2870 -2.587304
2875 -2.587304
2880 -2.613892
2885 -2.613892
2890 -2.793039
2895 -2.898545
2900 -2.936736
2905 -2.865076
2910 -2.731460
2915 -2.701032
2920 -2.669626
2925 -2.701032
2930 -2.729158
2935 -2.901949
2940 -2.901949
2945 -2.901949
2950 -2.865076
2955 -2.865076
2960 -2.901949
2965 -2.901949
2970 -2.980739
2975 -3.067368
2980 -2.980739
2985 -2.980739
2990 -2.940454
2995 -2.980739
3000 -3.022978
3005 -3.163562
3010 -3.215952
3015 -3.163562
3020 -3.114140
3025 -3.067368
3030 -3.067368
3035 -3.067368
3040 -3.163562
3045 -3.271686
3050 -3.271686
3055 -3.163562
3060 -3.163562
3065 -3.215952
3070 -3.215952
3075 -3.163562
3080 -3.215952
3085 -3.215952
3090 -3.215952
3095 -3.271686
3100 -3.271686
3105 -3.271686
3110 -3.271686
3115 -3.271686
3120 -3.215952
3125 -3.271686
3130 -3.271686
3135 -3.331218
3140 -3.331218
3145 -3.331218
3150 -3.331218
3155 -3.331218
3160 -3.263753
3165 -3.331218
3170 -3.331218
3175 -3.395099
3180 -3.322131
3185 -3.395099
3190 -3.451716
3195 -3.538796
3200 -3.538796
3205 -3.538796
3210 -3.464008
3215 -3.464008
3220 -3.538796
3225 -3.538796
3230 -3.538796
3235 -3.620545
3240 -3.710665
3245 -3.689205
3250 -3.710665
3255 -3.620545
3260 -3.710665
3265 -3.710665
3270 -3.620545
3275 -3.620545
3280 -3.710665
3285 -3.689205
3290 -3.710665
3295 -3.710665
3300 -3.710665
3305 -3.710665
3310 -3.710665
3315 -3.811026
3320 -3.710665
3325 -3.710665
3330 -3.689205
3335 -3.811026
3340 -3.689205
3345 -3.710665
3350 -3.689205
3355 -3.710665
3360 -3.811026
3365 -3.924191
3370 -3.889633
3375 -3.924191
3380 -3.784156
3385 -3.811026
3390 -3.784156
3395 -3.924191
3400 -3.784156
3405 -3.811026
3410 -3.924191
3415 -3.924191
3420 -4.053776
3425 -4.053776
3430 -4.053776
3435 -3.924191
3440 -4.053776
3445 -3.924191
3450 -3.924191
3455 -4.053776
3460 -4.053776
3465 -4.053776
3470 -4.053776
3475 -4.053776
3480 -4.053776
3485 -4.053776
3490 -4.205087
3495 -4.007820
3500 -4.205087
3505 -4.205087
3510 -4.386216
3515 -4.205087
3520 -4.205087
3525 -4.205087
3530 -4.205087
3535 -4.053776
3540 -4.205087
3545 -4.205087
3550 -4.205087
3555 -4.205087
3560 -4.205087
3565 -4.205087
3570 -4.205087
3575 -4.205087
3580 -4.205087
3585 -4.386216
3590 -4.205087
3595 -4.205087
3600 -4.205087
3605 -4.386216
3610 -4.205087
3615 -4.386216
3620 -4.386216
3625 -4.205087
3630 -4.386216
3635 -4.386216
3640 -4.386216
3645 -4.205087
3650 -4.386216
3655 -4.386216
3660 -4.386216
3665 -4.205087
3670 -4.386216
3675 -4.386216
3680 -4.386216
3685 -4.386216
3690 -4.609880
3695 -4.609880
3700 -4.672303
3705 -4.386216
3710 -4.386216
3715 -4.386216
3720 -4.609880
3725 -4.609880
3730 -4.609880
3735 -4.609880
3740 -4.609880
3745 -4.609880
3750 -4.386216
3755 -4.609880
3760 -4.609880
3765 -4.609880
3770 -4.609880
3775 -4.894861
3780 -4.609880
3785 -4.894861
3790 -4.609880
3795 -4.894861
3800 -4.894861
3805 -5.024486
3810 -4.894861
3815 -5.247932
3820 -4.894861
3825 -4.894861
3830 -4.894861
3835 -4.894861
3840 -5.247932
3845 -5.247932
3850 -5.247932
3855 -5.247932
3860 -5.247932
3865 -4.894861
3870 -5.247932
3875 -4.894861
3880 -5.247932
3885 -5.247932
3890 -5.247932
3895 -5.247932
3900 -5.247932
3905 -4.894861
3910 -5.247932
3915 -5.247932
3920 -5.247932
3925 -5.247932
3930 -5.247932
3935 -5.247932
3940 -5.483159
3945 -5.247932
3950 -5.247932
3955 -5.247932
3960 -5.247932
3965 -5.247932
3970 -5.247932
3975 -5.247932
3980 -5.247932
3985 -5.247932
3990 -5.247932
3995 -5.247932
4000 -5.247932
4005 -5.626546
4010 -5.247932
4015 -5.626546
4020 -5.247932
4025 -5.626546
4030 -5.247932
4035 -5.247932
4040 -5.483159
4045 -5.247932
4050 -5.247932
4055 -5.247932
4060 -5.247932
4065 -5.247932
4070 -5.247932
4075 -5.247932
4080 -5.483159
4085 -5.247932
4090 -5.247932
4095 -5.247932
4100 -5.247932
4105 -5.247932
4115 -5.483159
4125 -5.247932
4130 -5.626546
4135 -5.247932
4140 -5.626546
4145 -5.626546
4150 -5.247932
4155 -5.626546
4160 -5.247932
4165 -5.247932
4170 -5.626546
4180 -5.247932
4190 -5.483159
4200 -5.247932
4210 -5.247932
4215 -5.626546
4220 -5.247932
4230 -5.247932
4240 -5.247932
4275 -5.626546
4280 -5.626546
4285 -5.626546
4305 -5.247932
4335 -5.247932
4355 -5.483159
4420 -5.483159
4430 -5.626546
4440 -5.483159
4450 -5.483159
4460 -5.626546
4465 -5.626546
4530 -5.626546
4585 -5.626546
4650 -5.626546
4755 -5.626546
4765 -5.626546
4795 -5.626546
4800 -5.626546
