0 0.431818
5 0.957071
10 1.560606
15 1.941919
20 1.858586
25 1.767677
30 1.752525
35 1.638889
40 1.441919
45 1.449495
50 1.444444
55 1.446970
60 1.441919
65 1.424242
70 1.323232
75 1.232323
80 1.196970
85 1.138889
90 1.154040
95 1.239899
100 1.351010
105 1.290404
110 1.212121
115 1.128788
120 1.085859
125 0.997475
130 0.992424
135 1.525253
140 2.959596
145 3.684343
150 3.946970
155 3.790404
160 3.595960
165 3.421717
170 3.497475
175 3.414141
180 3.404040
185 3.573232
190 3.941919
195 3.984848
200 3.803030
205 3.522727
210 3.500000
215 3.356061
220 3.232323
225 3.217172
230 3.595960
235 3.500000
240 3.714646
245 3.421717
250 3.345960
255 3.108586
260 2.820707
265 2.883838
270 2.820707
275 2.762626
280 2.762626
285 2.734848
290 2.621212
295 2.482323
300 2.406566
305 2.315657
310 2.244949
315 2.171717
320 2.131313
325 2.090909
330 2.045455
335 2.040404
340 1.898990
345 1.787879
350 1.707071
355 1.671717
360 1.611111
365 1.575758
370 1.545455
375 1.532828
380 1.497475
385 1.477273
390 1.469697
395 1.449495
400 1.419192
405 1.396465
410 1.333333
415 1.295455
420 1.234848
425 1.242424
430 1.229798
435 1.222222
440 1.207071
445 1.199495
450 1.181818
455 1.156566
460 1.146465
465 1.128788
470 1.121212
475 1.106061
480 1.098485
485 1.083333
490 1.075758
495 1.068182
500 1.055556
505 1.050505
510 1.047980
515 1.035354
520 1.025253
525 1.015152
530 1.007576
535 1.000000
540 0.987374
545 0.987374
550 0.984848
555 0.979798
560 0.972222
565 0.964646
570 0.957071
575 0.946970
580 0.944444
585 0.939394
590 0.939394
595 0.934343
600 0.934343
605 0.931818
610 0.926768
615 0.924242
620 0.919192
625 0.916667
630 0.914141
635 0.911616
640 0.911616
645 0.911616
650 0.911616
655 0.911616
660 0.911616
665 0.906566
670 0.906566
675 0.906566
680 0.906566
685 0.906566
690 0.906566
695 0.911616
700 0.911616
705 0.911616
710 0.914141
715 0.921717
720 0.936869
725 0.936869
730 0.936869
735 0.931818
740 0.929293
745 0.929293
750 0.929293
755 0.931818
760 0.931818
765 0.934343
770 0.936869
775 0.936869
780 0.936869
785 0.931818
790 0.936869
795 0.939394
800 0.944444
805 0.939394
810 0.939394
815 0.934343
820 0.934343
825 0.936869
830 0.939394
835 0.954545
840 0.959596
845 0.972222
850 0.974747
855 0.977273
860 0.972222
865 0.962121
870 0.957071
875 0.952020
880 0.949495
885 0.944444
890 0.946970
895 0.944444
900 0.944444
905 0.944444
910 0.941919
915 0.941919
920 0.939394
925 0.941919
930 0.939394
935 0.939394
940 0.939394
945 0.939394
950 0.939394
955 0.939394
960 0.939394
965 0.939394
970 0.939394
975 0.939394
980 0.939394
985 0.939394
990 0.939394
995 0.941919
1000 0.941919
1005 0.941919
1010 0.941919
1015 0.941919
1020 0.941919
1025 0.941919
1030 0.941919
1035 0.941919
1040 0.941919
1045 0.941919
1050 0.944444
1055 0.944444
1060 0.944444
1065 0.944444
1070 0.946970
1075 0.946970
1080 0.946970
1085 0.946970
1090 0.949495
1095 0.949495
1100 0.949495
1105 0.949495
1110 0.949495
1115 0.949495
1120 0.949495
1125 0.949495
1130 0.949495
1135 0.957071
1140 0.959596
1145 0.964646
1150 0.967172
1155 0.967172
1160 0.967172
1165 0.962121
1170 0.962121
1175 0.959596
1180 0.957071
1185 0.957071
1190 0.959596
1195 0.962121
1200 0.962121
1205 0.964646
1210 0.964646
1215 0.962121
1220 0.962121
1225 0.959596
1230 0.962121
1235 0.959596
1240 0.962121
1245 0.959596
1250 0.959596
1255 0.959596
1260 0.962121
1265 0.962121
1270 0.962121
1275 0.962121
1280 0.964646
1285 0.967172
1290 0.974747
1295 0.977273
1300 0.974747
1305 0.969697
1310 0.969697
1315 0.967172
1320 0.967172
1325 0.967172
1330 0.967172
1335 0.967172
1340 0.972222
1345 0.969697
1350 0.972222
1355 0.972222
1360 0.972222
1365 0.972222
1370 0.969697
1375 0.972222
1380 0.969697
1385 0.972222
1390 0.969697
1395 0.972222
1400 0.969697
1405 0.969697
1410 0.972222
1415 0.972222
1420 0.972222
1425 0.972222
1430 0.974747
1435 0.974747
1440 0.974747
1445 0.974747
1450 0.974747
1455 0.974747
1460 0.974747
1465 0.977273
1470 0.977273
1475 0.979798
1480 0.979798
1485 0.982323
1490 0.984848
1495 0.987374
1500 0.984848
1505 0.984848
1510 0.984848
1515 0.984848
1520 0.984848
1525 0.982323
1530 0.982323
1535 0.982323
1540 0.984848
1545 0.982323
1550 0.984848
1555 0.984848
1560 0.987374
1565 0.987374
1570 0.987374
1575 0.987374
1580 0.987374
1585 0.987374
1590 0.987374
1595 0.987374
1600 0.987374
1605 0.987374
1610 0.989899
1615 0.989899
1620 0.989899
1625 0.989899
1630 0.989899
1635 0.989899
1640 0.992424
1645 0.994949
1650 0.994949
1655 0.997475
1660 0.997475
1665 0.994949
1670 0.994949
1675 0.994949
1680 0.994949
1685 1.000000
1690 0.997475
1695 0.997475
1700 0.997475
1705 0.997475
1710 0.997475
1715 0.997475
1720 0.997475
1725 0.997475
1730 1.000000
1735 0.997475
1740 1.000000
1745 1.000000
1750 0.997475
1755 1.000000
1760 1.000000
1765 1.000000
1770 0.997475
1775 1.000000
1780 1.000000
1785 1.000000
1790 1.000000
1795 1.000000
1800 1.000000
